#sv
chr11	76139879	+	chr2	63328429	-	.	0	0	10273828_1	99.0	.	VARTYPE=BND:TRX-hh
#heatmap	linkage_type=pair_end
h=chr11:76138879-76140879	v=chr11:76138879-76140879	resolution=100	axis=0,0
128.0,66.0,28.0,39.0,20.0,3.0,3.0,1.0,1.0,0.0,0.0,0.0,0.0,0.0,0.0,0.0,0.0,0.0,0.0,0.0
66.0,258.0,74.0,42.0,39.0,20.0,8.0,1.0,1.0,0.0,0.0,0.0,0.0,0.0,0.0,0.0,0.0,0.0,0.0,0.0
28.0,74.0,233.0,74.0,41.0,34.0,18.0,14.0,2.0,2.0,0.0,0.0,0.0,0.0,0.0,0.0,0.0,0.0,0.0,0.0
39.0,42.0,74.0,253.0,54.0,42.0,40.0,23.0,11.0,4.0,1.0,1.0,0.0,0.0,0.0,0.0,0.0,0.0,0.0,0.0
20.0,39.0,41.0,54.0,179.0,30.0,15.0,22.0,14.0,8.0,1.0,2.0,0.0,0.0,0.0,0.0,0.0,0.0,0.0,0.0
3.0,20.0,34.0,42.0,30.0,196.0,71.0,31.0,40.0,23.0,18.0,5.0,1.0,1.0,1.0,0.0,0.0,0.0,0.0,0.0
3.0,8.0,18.0,40.0,15.0,71.0,214.0,72.0,25.0,50.0,60.0,18.0,6.0,3.0,1.0,0.0,0.0,0.0,0.0,0.0
1.0,1.0,14.0,23.0,22.0,31.0,72.0,220.0,65.0,53.0,73.0,22.0,10.0,4.0,2.0,0.0,0.0,0.0,0.0,0.0
1.0,1.0,2.0,11.0,14.0,40.0,25.0,65.0,224.0,61.0,62.0,38.0,21.0,5.0,2.0,0.0,0.0,0.0,0.0,0.0
0.0,0.0,2.0,4.0,8.0,23.0,50.0,53.0,61.0,237.0,116.0,30.0,14.0,12.0,8.0,0.0,0.0,2.0,2.0,0.0
0.0,0.0,0.0,1.0,1.0,18.0,60.0,73.0,62.0,116.0,314.0,73.0,31.0,31.0,15.0,6.0,0.0,4.0,2.0,0.0
0.0,0.0,0.0,1.0,2.0,5.0,18.0,22.0,38.0,30.0,73.0,187.0,53.0,33.0,35.0,22.0,8.0,7.0,1.0,0.0
0.0,0.0,0.0,0.0,0.0,1.0,6.0,10.0,21.0,14.0,31.0,53.0,125.0,39.0,18.0,19.0,15.0,11.0,6.0,0.0
0.0,0.0,0.0,0.0,0.0,1.0,3.0,4.0,5.0,12.0,31.0,33.0,39.0,149.0,38.0,27.0,40.0,15.0,9.0,0.0
0.0,0.0,0.0,0.0,0.0,1.0,1.0,2.0,2.0,8.0,15.0,35.0,18.0,38.0,130.0,35.0,38.0,20.0,12.0,5.0
0.0,0.0,0.0,0.0,0.0,0.0,0.0,0.0,0.0,0.0,6.0,22.0,19.0,27.0,35.0,129.0,46.0,25.0,26.0,16.0
0.0,0.0,0.0,0.0,0.0,0.0,0.0,0.0,0.0,0.0,0.0,8.0,15.0,40.0,38.0,46.0,178.0,65.0,49.0,37.0
0.0,0.0,0.0,0.0,0.0,0.0,0.0,0.0,0.0,2.0,4.0,7.0,11.0,15.0,20.0,25.0,65.0,178.0,72.0,42.0
0.0,0.0,0.0,0.0,0.0,0.0,0.0,0.0,0.0,2.0,2.0,1.0,6.0,9.0,12.0,26.0,49.0,72.0,173.0,58.0
0.0,0.0,0.0,0.0,0.0,0.0,0.0,0.0,0.0,0.0,0.0,0.0,0.0,0.0,5.0,16.0,37.0,42.0,58.0,180.0
h=chr11:76138879-76140879	v=chr2:63327429-63329429	resolution=100	axis=1,0
0.0,0.0,0.0,0.0,0.0,0.0,0.0,0.0,0.0,0.0,0.0,0.0,0.0,0.0,0.0,0.0,0.0,0.0,0.0,0.0
0.0,0.0,0.0,0.0,0.0,0.0,0.0,0.0,0.0,0.0,0.0,0.0,0.0,0.0,0.0,0.0,0.0,0.0,0.0,0.0
0.0,0.0,0.0,0.0,0.0,0.0,0.0,0.0,0.0,0.0,0.0,0.0,0.0,0.0,0.0,0.0,0.0,0.0,0.0,0.0
0.0,0.0,0.0,0.0,0.0,0.0,0.0,0.0,0.0,0.0,0.0,0.0,0.0,0.0,0.0,0.0,0.0,0.0,0.0,0.0
0.0,0.0,0.0,0.0,0.0,0.0,0.0,0.0,0.0,0.0,0.0,0.0,0.0,0.0,0.0,0.0,0.0,0.0,0.0,0.0
0.0,0.0,0.0,0.0,0.0,0.0,0.0,0.0,0.0,1.0,0.0,0.0,0.0,0.0,0.0,0.0,0.0,0.0,0.0,0.0
0.0,0.0,0.0,0.0,0.0,0.0,1.0,1.0,0.0,3.0,0.0,0.0,0.0,0.0,0.0,0.0,0.0,0.0,0.0,0.0
0.0,0.0,0.0,0.0,0.0,0.0,0.0,0.0,4.0,12.0,0.0,0.0,0.0,0.0,0.0,0.0,0.0,0.0,0.0,0.0
0.0,0.0,0.0,0.0,0.0,1.0,1.0,5.0,6.0,27.0,0.0,0.0,0.0,0.0,0.0,0.0,0.0,0.0,0.0,0.0
0.0,0.0,0.0,0.0,0.0,1.0,6.0,15.0,15.0,20.0,0.0,0.0,0.0,0.0,0.0,0.0,0.0,0.0,0.0,0.0
0.0,0.0,0.0,0.0,0.0,4.0,14.0,21.0,15.0,38.0,0.0,0.0,0.0,0.0,0.0,0.0,0.0,0.0,0.0,0.0
0.0,0.0,0.0,0.0,0.0,0.0,0.0,0.0,0.0,0.0,0.0,0.0,0.0,0.0,0.0,0.0,0.0,0.0,0.0,0.0
0.0,0.0,0.0,0.0,0.0,0.0,0.0,0.0,0.0,0.0,0.0,0.0,0.0,0.0,0.0,0.0,0.0,0.0,0.0,0.0
0.0,0.0,0.0,0.0,0.0,0.0,0.0,0.0,0.0,0.0,0.0,0.0,0.0,0.0,0.0,0.0,0.0,0.0,0.0,0.0
0.0,0.0,0.0,0.0,0.0,0.0,0.0,0.0,0.0,0.0,0.0,0.0,0.0,0.0,0.0,0.0,0.0,0.0,0.0,0.0
0.0,0.0,0.0,0.0,0.0,0.0,0.0,0.0,0.0,0.0,0.0,0.0,0.0,0.0,0.0,0.0,0.0,0.0,0.0,0.0
0.0,0.0,0.0,0.0,0.0,0.0,0.0,0.0,0.0,0.0,0.0,0.0,0.0,0.0,0.0,0.0,0.0,0.0,0.0,0.0
0.0,0.0,0.0,0.0,0.0,0.0,0.0,0.0,0.0,0.0,0.0,0.0,0.0,0.0,0.0,0.0,0.0,0.0,0.0,0.0
0.0,0.0,0.0,0.0,0.0,0.0,0.0,0.0,0.0,0.0,0.0,0.0,0.0,0.0,0.0,0.0,0.0,0.0,0.0,0.0
0.0,0.0,0.0,0.0,0.0,0.0,0.0,0.0,0.0,0.0,0.0,0.0,0.0,0.0,0.0,0.0,0.0,0.0,0.0,0.0
h=chr2:63327429-63329429	v=chr11:76138879-76140879	resolution=100	axis=0,1
0.0,0.0,0.0,0.0,0.0,0.0,0.0,0.0,0.0,0.0,0.0,0.0,0.0,0.0,0.0,0.0,0.0,0.0,0.0,0.0
0.0,0.0,0.0,0.0,0.0,0.0,0.0,0.0,0.0,0.0,0.0,0.0,0.0,0.0,0.0,0.0,0.0,0.0,0.0,0.0
0.0,0.0,0.0,0.0,0.0,0.0,0.0,0.0,0.0,0.0,0.0,0.0,0.0,0.0,0.0,0.0,0.0,0.0,0.0,0.0
0.0,0.0,0.0,0.0,0.0,0.0,0.0,0.0,0.0,0.0,0.0,0.0,0.0,0.0,0.0,0.0,0.0,0.0,0.0,0.0
0.0,0.0,0.0,0.0,0.0,0.0,0.0,0.0,0.0,0.0,0.0,0.0,0.0,0.0,0.0,0.0,0.0,0.0,0.0,0.0
0.0,0.0,0.0,0.0,0.0,0.0,0.0,0.0,1.0,1.0,4.0,0.0,0.0,0.0,0.0,0.0,0.0,0.0,0.0,0.0
0.0,0.0,0.0,0.0,0.0,0.0,1.0,0.0,1.0,6.0,14.0,0.0,0.0,0.0,0.0,0.0,0.0,0.0,0.0,0.0
0.0,0.0,0.0,0.0,0.0,0.0,1.0,0.0,5.0,15.0,21.0,0.0,0.0,0.0,0.0,0.0,0.0,0.0,0.0,0.0
0.0,0.0,0.0,0.0,0.0,0.0,0.0,4.0,6.0,15.0,15.0,0.0,0.0,0.0,0.0,0.0,0.0,0.0,0.0,0.0
0.0,0.0,0.0,0.0,0.0,1.0,3.0,12.0,27.0,20.0,38.0,0.0,0.0,0.0,0.0,0.0,0.0,0.0,0.0,0.0
0.0,0.0,0.0,0.0,0.0,0.0,0.0,0.0,0.0,0.0,0.0,0.0,0.0,0.0,0.0,0.0,0.0,0.0,0.0,0.0
0.0,0.0,0.0,0.0,0.0,0.0,0.0,0.0,0.0,0.0,0.0,0.0,0.0,0.0,0.0,0.0,0.0,0.0,0.0,0.0
0.0,0.0,0.0,0.0,0.0,0.0,0.0,0.0,0.0,0.0,0.0,0.0,0.0,0.0,0.0,0.0,0.0,0.0,0.0,0.0
0.0,0.0,0.0,0.0,0.0,0.0,0.0,0.0,0.0,0.0,0.0,0.0,0.0,0.0,0.0,0.0,0.0,0.0,0.0,0.0
0.0,0.0,0.0,0.0,0.0,0.0,0.0,0.0,0.0,0.0,0.0,0.0,0.0,0.0,0.0,0.0,0.0,0.0,0.0,0.0
0.0,0.0,0.0,0.0,0.0,0.0,0.0,0.0,0.0,0.0,0.0,0.0,0.0,0.0,0.0,0.0,0.0,0.0,0.0,0.0
0.0,0.0,0.0,0.0,0.0,0.0,0.0,0.0,0.0,0.0,0.0,0.0,0.0,0.0,0.0,0.0,0.0,0.0,0.0,0.0
0.0,0.0,0.0,0.0,0.0,0.0,0.0,0.0,0.0,0.0,0.0,0.0,0.0,0.0,0.0,0.0,0.0,0.0,0.0,0.0
0.0,0.0,0.0,0.0,0.0,0.0,0.0,0.0,0.0,0.0,0.0,0.0,0.0,0.0,0.0,0.0,0.0,0.0,0.0,0.0
0.0,0.0,0.0,0.0,0.0,0.0,0.0,0.0,0.0,0.0,0.0,0.0,0.0,0.0,0.0,0.0,0.0,0.0,0.0,0.0
h=chr2:63327429-63329429	v=chr2:63327429-63329429	resolution=100	axis=1,1
102.0,34.0,26.0,24.0,16.0,8.0,0.0,2.0,0.0,0.0,0.0,0.0,0.0,0.0,0.0,0.0,0.0,0.0,0.0,0.0
34.0,155.0,57.0,18.0,34.0,16.0,3.0,0.0,1.0,0.0,0.0,0.0,0.0,0.0,0.0,0.0,0.0,0.0,0.0,0.0
26.0,57.0,190.0,49.0,33.0,37.0,14.0,7.0,4.0,1.0,0.0,0.0,0.0,0.0,0.0,0.0,0.0,0.0,0.0,0.0
24.0,18.0,49.0,146.0,47.0,32.0,37.0,12.0,2.0,1.0,0.0,0.0,0.0,0.0,0.0,0.0,0.0,0.0,0.0,0.0
16.0,34.0,33.0,47.0,160.0,58.0,25.0,31.0,7.0,4.0,1.0,0.0,0.0,0.0,0.0,0.0,0.0,0.0,0.0,0.0
8.0,16.0,37.0,32.0,58.0,166.0,52.0,38.0,20.0,14.0,2.0,3.0,1.0,0.0,0.0,0.0,0.0,0.0,0.0,0.0
0.0,3.0,14.0,37.0,25.0,52.0,148.0,48.0,19.0,25.0,2.0,2.0,0.0,0.0,0.0,0.0,0.0,0.0,0.0,0.0
2.0,0.0,7.0,12.0,31.0,38.0,48.0,145.0,30.0,26.0,9.0,4.0,4.0,1.0,1.0,0.0,0.0,0.0,0.0,0.0
0.0,1.0,4.0,2.0,7.0,20.0,19.0,30.0,123.0,54.0,16.0,17.0,10.0,0.0,0.0,0.0,0.0,0.0,0.0,0.0
0.0,0.0,1.0,1.0,4.0,14.0,25.0,26.0,54.0,170.0,25.0,25.0,19.0,6.0,4.0,2.0,0.0,0.0,0.0,0.0
0.0,0.0,0.0,0.0,1.0,2.0,2.0,9.0,16.0,25.0,79.0,35.0,24.0,14.0,6.0,2.0,2.0,1.0,0.0,0.0
0.0,0.0,0.0,0.0,0.0,3.0,2.0,4.0,17.0,25.0,35.0,93.0,38.0,20.0,14.0,3.0,3.0,0.0,1.0,0.0
0.0,0.0,0.0,0.0,0.0,1.0,0.0,4.0,10.0,19.0,24.0,38.0,81.0,24.0,11.0,17.0,8.0,2.0,1.0,0.0
0.0,0.0,0.0,0.0,0.0,0.0,0.0,1.0,0.0,6.0,14.0,20.0,24.0,76.0,32.0,23.0,18.0,1.0,1.0,0.0
0.0,0.0,0.0,0.0,0.0,0.0,0.0,1.0,0.0,4.0,6.0,14.0,11.0,32.0,74.0,22.0,27.0,12.0,3.0,1.0
0.0,0.0,0.0,0.0,0.0,0.0,0.0,0.0,0.0,2.0,2.0,3.0,17.0,23.0,22.0,78.0,31.0,18.0,13.0,6.0
0.0,0.0,0.0,0.0,0.0,0.0,0.0,0.0,0.0,0.0,2.0,3.0,8.0,18.0,27.0,31.0,77.0,22.0,11.0,10.0
0.0,0.0,0.0,0.0,0.0,0.0,0.0,0.0,0.0,0.0,1.0,0.0,2.0,1.0,12.0,18.0,22.0,58.0,14.0,9.0
0.0,0.0,0.0,0.0,0.0,0.0,0.0,0.0,0.0,0.0,0.0,1.0,1.0,1.0,3.0,13.0,11.0,14.0,62.0,26.0
0.0,0.0,0.0,0.0,0.0,0.0,0.0,0.0,0.0,0.0,0.0,0.0,0.0,0.0,1.0,6.0,10.0,9.0,26.0,50.0
#sv
chr3	106178797	-	chr11	31230228	+	.	0	0	10011507_1	99.0	.	VARTYPE=BND:TRX-tt
#heatmap	linkage_type=pair_end
h=chr3:106177797-106179797	v=chr3:106177797-106179797	resolution=100	axis=0,0
25.0,25.0,1.0,6.0,5.0,1.0,0.0,0.0,0.0,0.0,0.0,0.0,0.0,0.0,0.0,0.0,0.0,0.0,0.0,0.0
25.0,115.0,49.0,16.0,26.0,11.0,4.0,0.0,0.0,0.0,0.0,0.0,0.0,0.0,0.0,0.0,0.0,0.0,0.0,0.0
1.0,49.0,126.0,25.0,28.0,21.0,20.0,6.0,0.0,0.0,1.0,1.0,0.0,0.0,0.0,0.0,0.0,0.0,0.0,0.0
6.0,16.0,25.0,100.0,42.0,19.0,25.0,16.0,3.0,2.0,0.0,0.0,0.0,0.0,0.0,0.0,0.0,0.0,0.0,0.0
5.0,26.0,28.0,42.0,136.0,44.0,32.0,34.0,11.0,8.0,4.0,0.0,0.0,0.0,0.0,0.0,0.0,0.0,0.0,0.0
1.0,11.0,21.0,19.0,44.0,97.0,38.0,22.0,18.0,5.0,2.0,2.0,0.0,0.0,0.0,0.0,0.0,0.0,0.0,0.0
0.0,4.0,20.0,25.0,32.0,38.0,102.0,42.0,6.0,12.0,7.0,3.0,1.0,3.0,0.0,0.0,0.0,0.0,0.0,0.0
0.0,0.0,6.0,16.0,34.0,22.0,42.0,104.0,31.0,17.0,13.0,10.0,1.0,0.0,0.0,0.0,0.0,0.0,0.0,0.0
0.0,0.0,0.0,3.0,11.0,18.0,6.0,31.0,75.0,19.0,15.0,19.0,2.0,6.0,2.0,1.0,0.0,0.0,0.0,0.0
0.0,0.0,0.0,2.0,8.0,5.0,12.0,17.0,19.0,81.0,18.0,23.0,22.0,12.0,2.0,1.0,0.0,0.0,0.0,0.0
0.0,0.0,1.0,0.0,4.0,2.0,7.0,13.0,15.0,18.0,86.0,42.0,9.0,21.0,10.0,7.0,2.0,0.0,0.0,0.0
0.0,0.0,1.0,0.0,0.0,2.0,3.0,10.0,19.0,23.0,42.0,135.0,33.0,26.0,21.0,13.0,8.0,4.0,0.0,0.0
0.0,0.0,0.0,0.0,0.0,0.0,1.0,1.0,2.0,22.0,9.0,33.0,132.0,48.0,29.0,27.0,15.0,7.0,0.0,0.0
0.0,0.0,0.0,0.0,0.0,0.0,3.0,0.0,6.0,12.0,21.0,26.0,48.0,191.0,66.0,44.0,44.0,24.0,13.0,2.0
0.0,0.0,0.0,0.0,0.0,0.0,0.0,0.0,2.0,2.0,10.0,21.0,29.0,66.0,159.0,60.0,39.0,34.0,29.0,7.0
0.0,0.0,0.0,0.0,0.0,0.0,0.0,0.0,1.0,1.0,7.0,13.0,27.0,44.0,60.0,211.0,83.0,41.0,66.0,24.0
0.0,0.0,0.0,0.0,0.0,0.0,0.0,0.0,0.0,0.0,2.0,8.0,15.0,44.0,39.0,83.0,221.0,73.0,58.0,44.0
0.0,0.0,0.0,0.0,0.0,0.0,0.0,0.0,0.0,0.0,0.0,4.0,7.0,24.0,34.0,41.0,73.0,159.0,39.0,20.0
0.0,0.0,0.0,0.0,0.0,0.0,0.0,0.0,0.0,0.0,0.0,0.0,0.0,13.0,29.0,66.0,58.0,39.0,180.0,44.0
0.0,0.0,0.0,0.0,0.0,0.0,0.0,0.0,0.0,0.0,0.0,0.0,0.0,2.0,7.0,24.0,44.0,20.0,44.0,135.0
h=chr3:106177797-106179797	v=chr11:31229228-31231228	resolution=100	axis=1,0
0.0,0.0,0.0,0.0,0.0,0.0,0.0,0.0,0.0,0.0,0.0,0.0,0.0,0.0,0.0,0.0,0.0,0.0,0.0,0.0
0.0,0.0,0.0,0.0,0.0,0.0,0.0,0.0,0.0,0.0,0.0,0.0,0.0,0.0,0.0,0.0,0.0,0.0,0.0,0.0
0.0,0.0,0.0,0.0,0.0,0.0,0.0,0.0,0.0,0.0,0.0,0.0,0.0,0.0,0.0,0.0,0.0,0.0,0.0,0.0
0.0,0.0,0.0,0.0,0.0,0.0,0.0,0.0,0.0,0.0,0.0,0.0,0.0,0.0,0.0,0.0,0.0,0.0,0.0,0.0
0.0,0.0,0.0,0.0,0.0,0.0,0.0,0.0,0.0,0.0,0.0,0.0,0.0,0.0,0.0,0.0,0.0,0.0,0.0,0.0
0.0,0.0,0.0,0.0,0.0,0.0,0.0,0.0,0.0,0.0,0.0,0.0,0.0,0.0,0.0,0.0,0.0,0.0,0.0,0.0
0.0,0.0,0.0,0.0,0.0,0.0,0.0,0.0,0.0,0.0,0.0,0.0,0.0,0.0,0.0,0.0,0.0,0.0,0.0,0.0
0.0,0.0,0.0,0.0,0.0,0.0,0.0,0.0,0.0,0.0,0.0,0.0,0.0,0.0,0.0,0.0,0.0,0.0,0.0,0.0
0.0,0.0,0.0,0.0,0.0,0.0,0.0,0.0,0.0,0.0,0.0,0.0,0.0,0.0,0.0,0.0,0.0,0.0,0.0,0.0
0.0,0.0,0.0,0.0,0.0,0.0,0.0,0.0,0.0,0.0,0.0,0.0,0.0,0.0,0.0,0.0,0.0,0.0,0.0,0.0
0.0,0.0,0.0,0.0,0.0,0.0,0.0,0.0,0.0,0.0,0.0,0.0,0.0,0.0,0.0,0.0,0.0,0.0,0.0,0.0
0.0,0.0,0.0,0.0,0.0,0.0,0.0,0.0,0.0,0.0,0.0,13.0,5.0,7.0,5.0,0.0,1.0,0.0,0.0,0.0
0.0,0.0,0.0,0.0,0.0,0.0,0.0,0.0,0.0,0.0,0.0,12.0,13.0,5.0,1.0,1.0,0.0,0.0,0.0,0.0
0.0,0.0,0.0,0.0,0.0,0.0,0.0,0.0,0.0,0.0,0.0,12.0,6.0,6.0,0.0,1.0,1.0,0.0,0.0,0.0
0.0,0.0,0.0,0.0,0.0,0.0,0.0,0.0,0.0,0.0,0.0,2.0,0.0,1.0,0.0,0.0,0.0,0.0,0.0,0.0
0.0,0.0,0.0,0.0,0.0,0.0,0.0,0.0,0.0,0.0,0.0,4.0,0.0,0.0,0.0,0.0,0.0,0.0,0.0,0.0
0.0,0.0,0.0,0.0,0.0,0.0,0.0,0.0,0.0,0.0,0.0,1.0,0.0,0.0,0.0,0.0,0.0,0.0,0.0,0.0
0.0,0.0,0.0,0.0,0.0,0.0,0.0,0.0,0.0,0.0,0.0,1.0,0.0,0.0,0.0,0.0,0.0,0.0,0.0,0.0
0.0,0.0,0.0,0.0,0.0,0.0,0.0,0.0,0.0,0.0,0.0,0.0,0.0,0.0,0.0,0.0,0.0,0.0,0.0,0.0
0.0,0.0,0.0,0.0,0.0,0.0,0.0,0.0,0.0,0.0,0.0,0.0,0.0,0.0,0.0,0.0,0.0,0.0,0.0,0.0
h=chr11:31229228-31231228	v=chr3:106177797-106179797	resolution=100	axis=0,1
0.0,0.0,0.0,0.0,0.0,0.0,0.0,0.0,0.0,0.0,0.0,0.0,0.0,0.0,0.0,0.0,0.0,0.0,0.0,0.0
0.0,0.0,0.0,0.0,0.0,0.0,0.0,0.0,0.0,0.0,0.0,0.0,0.0,0.0,0.0,0.0,0.0,0.0,0.0,0.0
0.0,0.0,0.0,0.0,0.0,0.0,0.0,0.0,0.0,0.0,0.0,0.0,0.0,0.0,0.0,0.0,0.0,0.0,0.0,0.0
0.0,0.0,0.0,0.0,0.0,0.0,0.0,0.0,0.0,0.0,0.0,0.0,0.0,0.0,0.0,0.0,0.0,0.0,0.0,0.0
0.0,0.0,0.0,0.0,0.0,0.0,0.0,0.0,0.0,0.0,0.0,0.0,0.0,0.0,0.0,0.0,0.0,0.0,0.0,0.0
0.0,0.0,0.0,0.0,0.0,0.0,0.0,0.0,0.0,0.0,0.0,0.0,0.0,0.0,0.0,0.0,0.0,0.0,0.0,0.0
0.0,0.0,0.0,0.0,0.0,0.0,0.0,0.0,0.0,0.0,0.0,0.0,0.0,0.0,0.0,0.0,0.0,0.0,0.0,0.0
0.0,0.0,0.0,0.0,0.0,0.0,0.0,0.0,0.0,0.0,0.0,0.0,0.0,0.0,0.0,0.0,0.0,0.0,0.0,0.0
0.0,0.0,0.0,0.0,0.0,0.0,0.0,0.0,0.0,0.0,0.0,0.0,0.0,0.0,0.0,0.0,0.0,0.0,0.0,0.0
0.0,0.0,0.0,0.0,0.0,0.0,0.0,0.0,0.0,0.0,0.0,0.0,0.0,0.0,0.0,0.0,0.0,0.0,0.0,0.0
0.0,0.0,0.0,0.0,0.0,0.0,0.0,0.0,0.0,0.0,0.0,0.0,0.0,0.0,0.0,0.0,0.0,0.0,0.0,0.0
0.0,0.0,0.0,0.0,0.0,0.0,0.0,0.0,0.0,0.0,0.0,13.0,12.0,12.0,2.0,4.0,1.0,1.0,0.0,0.0
0.0,0.0,0.0,0.0,0.0,0.0,0.0,0.0,0.0,0.0,0.0,5.0,13.0,6.0,0.0,0.0,0.0,0.0,0.0,0.0
0.0,0.0,0.0,0.0,0.0,0.0,0.0,0.0,0.0,0.0,0.0,7.0,5.0,6.0,1.0,0.0,0.0,0.0,0.0,0.0
0.0,0.0,0.0,0.0,0.0,0.0,0.0,0.0,0.0,0.0,0.0,5.0,1.0,0.0,0.0,0.0,0.0,0.0,0.0,0.0
0.0,0.0,0.0,0.0,0.0,0.0,0.0,0.0,0.0,0.0,0.0,0.0,1.0,1.0,0.0,0.0,0.0,0.0,0.0,0.0
0.0,0.0,0.0,0.0,0.0,0.0,0.0,0.0,0.0,0.0,0.0,1.0,0.0,1.0,0.0,0.0,0.0,0.0,0.0,0.0
0.0,0.0,0.0,0.0,0.0,0.0,0.0,0.0,0.0,0.0,0.0,0.0,0.0,0.0,0.0,0.0,0.0,0.0,0.0,0.0
0.0,0.0,0.0,0.0,0.0,0.0,0.0,0.0,0.0,0.0,0.0,0.0,0.0,0.0,0.0,0.0,0.0,0.0,0.0,0.0
0.0,0.0,0.0,0.0,0.0,0.0,0.0,0.0,0.0,0.0,0.0,0.0,0.0,0.0,0.0,0.0,0.0,0.0,0.0,0.0
h=chr11:31229228-31231228	v=chr11:31229228-31231228	resolution=100	axis=1,1
49.0,20.0,7.0,5.0,4.0,2.0,2.0,0.0,0.0,0.0,0.0,0.0,0.0,0.0,0.0,0.0,0.0,0.0,0.0,0.0
20.0,79.0,36.0,8.0,9.0,7.0,6.0,4.0,0.0,0.0,0.0,0.0,0.0,0.0,0.0,0.0,0.0,0.0,0.0,0.0
7.0,36.0,70.0,12.0,9.0,9.0,9.0,4.0,1.0,0.0,0.0,0.0,0.0,0.0,0.0,0.0,0.0,0.0,0.0,0.0
5.0,8.0,12.0,48.0,14.0,9.0,21.0,5.0,3.0,0.0,0.0,0.0,0.0,0.0,0.0,0.0,0.0,0.0,0.0,0.0
4.0,9.0,9.0,14.0,41.0,8.0,14.0,6.0,3.0,3.0,0.0,0.0,0.0,0.0,0.0,0.0,0.0,0.0,0.0,0.0
2.0,7.0,9.0,9.0,8.0,72.0,41.0,18.0,22.0,15.0,2.0,1.0,0.0,1.0,1.0,0.0,0.0,0.0,0.0,0.0
2.0,6.0,9.0,21.0,14.0,41.0,96.0,28.0,16.0,24.0,7.0,1.0,2.0,2.0,1.0,0.0,2.0,1.0,0.0,0.0
0.0,4.0,4.0,5.0,6.0,18.0,28.0,71.0,20.0,21.0,8.0,7.0,3.0,1.0,0.0,0.0,0.0,0.0,0.0,0.0
0.0,0.0,1.0,3.0,3.0,22.0,16.0,20.0,67.0,30.0,5.0,12.0,9.0,4.0,3.0,0.0,0.0,0.0,0.0,0.0
0.0,0.0,0.0,0.0,3.0,15.0,24.0,21.0,30.0,106.0,32.0,31.0,25.0,7.0,3.0,0.0,0.0,0.0,0.0,0.0
0.0,0.0,0.0,0.0,0.0,2.0,7.0,8.0,5.0,32.0,55.0,22.0,13.0,6.0,5.0,2.0,0.0,0.0,0.0,0.0
0.0,0.0,0.0,0.0,0.0,1.0,1.0,7.0,12.0,31.0,22.0,120.0,54.0,14.0,24.0,10.0,1.0,1.0,1.0,0.0
0.0,0.0,0.0,0.0,0.0,0.0,2.0,3.0,9.0,25.0,13.0,54.0,137.0,40.0,37.0,24.0,12.0,2.0,1.0,0.0
0.0,0.0,0.0,0.0,0.0,1.0,2.0,1.0,4.0,7.0,6.0,14.0,40.0,121.0,58.0,29.0,26.0,16.0,8.0,0.0
0.0,0.0,0.0,0.0,0.0,1.0,1.0,0.0,3.0,3.0,5.0,24.0,37.0,58.0,151.0,44.0,19.0,34.0,26.0,7.0
0.0,0.0,0.0,0.0,0.0,0.0,0.0,0.0,0.0,0.0,2.0,10.0,24.0,29.0,44.0,110.0,27.0,27.0,20.0,9.0
0.0,0.0,0.0,0.0,0.0,0.0,2.0,0.0,0.0,0.0,0.0,1.0,12.0,26.0,19.0,27.0,98.0,41.0,20.0,24.0
0.0,0.0,0.0,0.0,0.0,0.0,1.0,0.0,0.0,0.0,0.0,1.0,2.0,16.0,34.0,27.0,41.0,122.0,37.0,23.0
0.0,0.0,0.0,0.0,0.0,0.0,0.0,0.0,0.0,0.0,0.0,1.0,1.0,8.0,26.0,20.0,20.0,37.0,109.0,36.0
0.0,0.0,0.0,0.0,0.0,0.0,0.0,0.0,0.0,0.0,0.0,0.0,0.0,0.0,7.0,9.0,24.0,23.0,36.0,106.0
#sv
chr3	186327788	+	chr3	119049964	+	.	0	0	4082317_1	99.0	.	VARTYPE=BND:DUP-th
#heatmap	linkage_type=pair_end
h=chr3:186326788-186328788	v=chr3:186326788-186328788	resolution=100	axis=0,0
52.0,38.0,12.0,9.0,9.0,6.0,1.0,0.0,0.0,0.0,0.0,0.0,0.0,0.0,0.0,0.0,0.0,0.0,0.0,0.0
38.0,242.0,99.0,54.0,52.0,38.0,10.0,8.0,3.0,0.0,1.0,0.0,0.0,0.0,0.0,0.0,0.0,0.0,0.0,0.0
12.0,99.0,233.0,78.0,41.0,45.0,20.0,9.0,5.0,1.0,0.0,0.0,0.0,0.0,0.0,0.0,0.0,0.0,0.0,0.0
9.0,54.0,78.0,221.0,71.0,31.0,24.0,14.0,13.0,10.0,1.0,0.0,0.0,0.0,0.0,0.0,0.0,0.0,0.0,0.0
9.0,52.0,41.0,71.0,204.0,73.0,32.0,41.0,20.0,12.0,2.0,1.0,0.0,0.0,0.0,0.0,0.0,0.0,0.0,0.0
6.0,38.0,45.0,31.0,73.0,251.0,68.0,62.0,64.0,32.0,5.0,2.0,0.0,0.0,0.0,0.0,0.0,0.0,0.0,0.0
1.0,10.0,20.0,24.0,32.0,68.0,222.0,64.0,72.0,64.0,19.0,4.0,0.0,0.0,0.0,0.0,0.0,0.0,0.0,0.0
0.0,8.0,9.0,14.0,41.0,62.0,64.0,232.0,104.0,38.0,48.0,17.0,6.0,2.0,1.0,0.0,0.0,0.0,0.0,0.0
0.0,3.0,5.0,13.0,20.0,64.0,72.0,104.0,263.0,109.0,49.0,29.0,17.0,3.0,0.0,0.0,0.0,0.0,0.0,0.0
0.0,0.0,1.0,10.0,12.0,32.0,64.0,38.0,109.0,225.0,60.0,21.0,27.0,20.0,3.0,1.0,0.0,0.0,0.0,0.0
0.0,1.0,0.0,1.0,2.0,5.0,19.0,48.0,49.0,60.0,171.0,34.0,23.0,32.0,7.0,3.0,1.0,0.0,0.0,0.0
0.0,0.0,0.0,0.0,1.0,2.0,4.0,17.0,29.0,21.0,34.0,113.0,39.0,27.0,26.0,20.0,4.0,1.0,0.0,0.0
0.0,0.0,0.0,0.0,0.0,0.0,0.0,6.0,17.0,27.0,23.0,39.0,113.0,49.0,29.0,23.0,3.0,5.0,2.0,0.0
0.0,0.0,0.0,0.0,0.0,0.0,0.0,2.0,3.0,20.0,32.0,27.0,49.0,111.0,35.0,26.0,13.0,7.0,5.0,1.0
0.0,0.0,0.0,0.0,0.0,0.0,0.0,1.0,0.0,3.0,7.0,26.0,29.0,35.0,114.0,42.0,19.0,21.0,11.0,3.0
0.0,0.0,0.0,0.0,0.0,0.0,0.0,0.0,0.0,1.0,3.0,20.0,23.0,26.0,42.0,98.0,32.0,20.0,17.0,7.0
0.0,0.0,0.0,0.0,0.0,0.0,0.0,0.0,0.0,0.0,1.0,4.0,3.0,13.0,19.0,32.0,90.0,33.0,17.0,17.0
0.0,0.0,0.0,0.0,0.0,0.0,0.0,0.0,0.0,0.0,0.0,1.0,5.0,7.0,21.0,20.0,33.0,126.0,42.0,31.0
0.0,0.0,0.0,0.0,0.0,0.0,0.0,0.0,0.0,0.0,0.0,0.0,2.0,5.0,11.0,17.0,17.0,42.0,108.0,40.0
0.0,0.0,0.0,0.0,0.0,0.0,0.0,0.0,0.0,0.0,0.0,0.0,0.0,1.0,3.0,7.0,17.0,31.0,40.0,132.0
h=chr3:186326788-186328788	v=chr3:119048964-119050964	resolution=100	axis=1,0
0.0,0.0,0.0,0.0,0.0,0.0,0.0,0.0,0.0,0.0,0.0,0.0,0.0,0.0,0.0,0.0,0.0,0.0,0.0,0.0
0.0,0.0,0.0,0.0,0.0,0.0,0.0,0.0,0.0,0.0,0.0,0.0,0.0,0.0,0.0,0.0,0.0,0.0,0.0,0.0
0.0,0.0,0.0,0.0,0.0,0.0,0.0,0.0,0.0,0.0,0.0,0.0,0.0,0.0,0.0,0.0,0.0,0.0,0.0,0.0
0.0,0.0,0.0,0.0,0.0,0.0,0.0,0.0,0.0,0.0,0.0,0.0,0.0,0.0,0.0,0.0,0.0,0.0,0.0,0.0
0.0,0.0,0.0,0.0,0.0,0.0,0.0,0.0,0.0,0.0,0.0,0.0,0.0,0.0,0.0,0.0,0.0,0.0,0.0,0.0
0.0,0.0,0.0,0.0,0.0,0.0,0.0,0.0,0.0,0.0,0.0,0.0,0.0,0.0,0.0,0.0,0.0,0.0,0.0,0.0
0.0,0.0,0.0,0.0,0.0,0.0,0.0,0.0,0.0,0.0,0.0,1.0,1.0,0.0,0.0,0.0,0.0,0.0,0.0,0.0
0.0,0.0,0.0,0.0,0.0,0.0,0.0,0.0,0.0,0.0,0.0,7.0,3.0,1.0,0.0,0.0,0.0,0.0,0.0,0.0
0.0,0.0,0.0,0.0,0.0,0.0,0.0,0.0,0.0,0.0,0.0,3.0,5.0,0.0,0.0,0.0,0.0,0.0,0.0,0.0
0.0,0.0,0.0,0.0,0.0,0.0,0.0,0.0,0.0,0.0,0.0,8.0,7.0,5.0,3.0,1.0,0.0,0.0,0.0,0.0
0.0,0.0,0.0,0.0,0.0,0.0,0.0,0.0,0.0,0.0,0.0,7.0,14.0,15.0,4.0,2.0,1.0,0.0,0.0,0.0
0.0,0.0,0.0,0.0,0.0,0.0,0.0,0.0,0.0,0.0,0.0,0.0,0.0,0.0,0.0,0.0,0.0,0.0,0.0,0.0
0.0,0.0,0.0,0.0,0.0,0.0,0.0,0.0,0.0,0.0,0.0,0.0,0.0,0.0,0.0,0.0,0.0,0.0,0.0,0.0
0.0,0.0,0.0,0.0,0.0,0.0,0.0,0.0,0.0,0.0,0.0,0.0,0.0,0.0,0.0,0.0,0.0,0.0,0.0,0.0
0.0,0.0,0.0,0.0,0.0,0.0,0.0,0.0,0.0,0.0,0.0,0.0,0.0,0.0,0.0,0.0,0.0,0.0,0.0,0.0
0.0,0.0,0.0,0.0,0.0,0.0,0.0,0.0,0.0,0.0,0.0,0.0,0.0,0.0,0.0,0.0,0.0,0.0,0.0,0.0
0.0,0.0,0.0,0.0,0.0,0.0,0.0,0.0,0.0,0.0,0.0,0.0,0.0,0.0,0.0,0.0,0.0,0.0,0.0,0.0
0.0,0.0,0.0,0.0,0.0,0.0,0.0,0.0,0.0,0.0,0.0,0.0,0.0,0.0,0.0,0.0,0.0,0.0,0.0,0.0
0.0,0.0,0.0,0.0,0.0,0.0,0.0,0.0,0.0,0.0,0.0,0.0,0.0,0.0,0.0,0.0,0.0,0.0,0.0,0.0
0.0,0.0,0.0,0.0,0.0,0.0,0.0,0.0,0.0,0.0,0.0,0.0,0.0,0.0,0.0,0.0,0.0,0.0,0.0,0.0
h=chr3:119048964-119050964	v=chr3:186326788-186328788	resolution=100	axis=0,1
0.0,0.0,0.0,0.0,0.0,0.0,0.0,0.0,0.0,0.0,0.0,0.0,0.0,0.0,0.0,0.0,0.0,0.0,0.0,0.0
0.0,0.0,0.0,0.0,0.0,0.0,0.0,0.0,0.0,0.0,0.0,0.0,0.0,0.0,0.0,0.0,0.0,0.0,0.0,0.0
0.0,0.0,0.0,0.0,0.0,0.0,0.0,0.0,0.0,0.0,0.0,0.0,0.0,0.0,0.0,0.0,0.0,0.0,0.0,0.0
0.0,0.0,0.0,0.0,0.0,0.0,0.0,0.0,0.0,0.0,0.0,0.0,0.0,0.0,0.0,0.0,0.0,0.0,0.0,0.0
0.0,0.0,0.0,0.0,0.0,0.0,0.0,0.0,0.0,0.0,0.0,0.0,0.0,0.0,0.0,0.0,0.0,0.0,0.0,0.0
0.0,0.0,0.0,0.0,0.0,0.0,0.0,0.0,0.0,0.0,0.0,0.0,0.0,0.0,0.0,0.0,0.0,0.0,0.0,0.0
0.0,0.0,0.0,0.0,0.0,0.0,0.0,0.0,0.0,0.0,0.0,0.0,0.0,0.0,0.0,0.0,0.0,0.0,0.0,0.0
0.0,0.0,0.0,0.0,0.0,0.0,0.0,0.0,0.0,0.0,0.0,0.0,0.0,0.0,0.0,0.0,0.0,0.0,0.0,0.0
0.0,0.0,0.0,0.0,0.0,0.0,0.0,0.0,0.0,0.0,0.0,0.0,0.0,0.0,0.0,0.0,0.0,0.0,0.0,0.0
0.0,0.0,0.0,0.0,0.0,0.0,0.0,0.0,0.0,0.0,0.0,0.0,0.0,0.0,0.0,0.0,0.0,0.0,0.0,0.0
0.0,0.0,0.0,0.0,0.0,0.0,0.0,0.0,0.0,0.0,0.0,0.0,0.0,0.0,0.0,0.0,0.0,0.0,0.0,0.0
0.0,0.0,0.0,0.0,0.0,0.0,1.0,7.0,3.0,8.0,7.0,0.0,0.0,0.0,0.0,0.0,0.0,0.0,0.0,0.0
0.0,0.0,0.0,0.0,0.0,0.0,1.0,3.0,5.0,7.0,14.0,0.0,0.0,0.0,0.0,0.0,0.0,0.0,0.0,0.0
0.0,0.0,0.0,0.0,0.0,0.0,0.0,1.0,0.0,5.0,15.0,0.0,0.0,0.0,0.0,0.0,0.0,0.0,0.0,0.0
0.0,0.0,0.0,0.0,0.0,0.0,0.0,0.0,0.0,3.0,4.0,0.0,0.0,0.0,0.0,0.0,0.0,0.0,0.0,0.0
0.0,0.0,0.0,0.0,0.0,0.0,0.0,0.0,0.0,1.0,2.0,0.0,0.0,0.0,0.0,0.0,0.0,0.0,0.0,0.0
0.0,0.0,0.0,0.0,0.0,0.0,0.0,0.0,0.0,0.0,1.0,0.0,0.0,0.0,0.0,0.0,0.0,0.0,0.0,0.0
0.0,0.0,0.0,0.0,0.0,0.0,0.0,0.0,0.0,0.0,0.0,0.0,0.0,0.0,0.0,0.0,0.0,0.0,0.0,0.0
0.0,0.0,0.0,0.0,0.0,0.0,0.0,0.0,0.0,0.0,0.0,0.0,0.0,0.0,0.0,0.0,0.0,0.0,0.0,0.0
0.0,0.0,0.0,0.0,0.0,0.0,0.0,0.0,0.0,0.0,0.0,0.0,0.0,0.0,0.0,0.0,0.0,0.0,0.0,0.0
h=chr3:119048964-119050964	v=chr3:119048964-119050964	resolution=100	axis=1,1
100.0,50.0,21.0,27.0,17.0,8.0,2.0,2.0,0.0,0.0,0.0,0.0,0.0,0.0,0.0,0.0,0.0,0.0,0.0,0.0
50.0,171.0,45.0,35.0,36.0,27.0,10.0,5.0,3.0,0.0,0.0,0.0,0.0,0.0,0.0,0.0,0.0,0.0,0.0,0.0
21.0,45.0,207.0,45.0,38.0,54.0,31.0,21.0,6.0,1.0,0.0,2.0,0.0,0.0,0.0,0.0,0.0,0.0,0.0,0.0
27.0,35.0,45.0,193.0,58.0,36.0,44.0,16.0,5.0,5.0,2.0,1.0,0.0,0.0,0.0,0.0,0.0,0.0,0.0,0.0
17.0,36.0,38.0,58.0,179.0,51.0,37.0,32.0,15.0,7.0,3.0,1.0,2.0,0.0,0.0,0.0,0.0,0.0,0.0,0.0
8.0,27.0,54.0,36.0,51.0,210.0,80.0,40.0,37.0,28.0,4.0,3.0,3.0,0.0,0.0,0.0,0.0,0.0,0.0,0.0
2.0,10.0,31.0,44.0,37.0,80.0,217.0,84.0,42.0,42.0,20.0,9.0,4.0,1.0,0.0,0.0,0.0,0.0,0.0,0.0
2.0,5.0,21.0,16.0,32.0,40.0,84.0,217.0,72.0,36.0,50.0,24.0,16.0,6.0,2.0,0.0,0.0,0.0,0.0,0.0
0.0,3.0,6.0,5.0,15.0,37.0,42.0,72.0,191.0,63.0,34.0,35.0,33.0,15.0,7.0,1.0,0.0,0.0,0.0,0.0
0.0,0.0,1.0,5.0,7.0,28.0,42.0,36.0,63.0,215.0,73.0,45.0,37.0,27.0,20.0,8.0,2.0,1.0,0.0,0.0
0.0,0.0,0.0,2.0,3.0,4.0,20.0,50.0,34.0,73.0,197.0,60.0,37.0,47.0,26.0,6.0,0.0,0.0,1.0,0.0
0.0,0.0,2.0,1.0,1.0,3.0,9.0,24.0,35.0,45.0,60.0,231.0,90.0,54.0,34.0,20.0,6.0,1.0,1.0,0.0
0.0,0.0,0.0,0.0,2.0,3.0,4.0,16.0,33.0,37.0,37.0,90.0,248.0,92.0,33.0,41.0,27.0,7.0,4.0,0.0
0.0,0.0,0.0,0.0,0.0,0.0,1.0,6.0,15.0,27.0,47.0,54.0,92.0,258.0,108.0,35.0,37.0,19.0,16.0,4.0
0.0,0.0,0.0,0.0,0.0,0.0,0.0,2.0,7.0,20.0,26.0,34.0,33.0,108.0,244.0,91.0,61.0,55.0,16.0,7.0
0.0,0.0,0.0,0.0,0.0,0.0,0.0,0.0,1.0,8.0,6.0,20.0,41.0,35.0,91.0,207.0,85.0,42.0,44.0,18.0
0.0,0.0,0.0,0.0,0.0,0.0,0.0,0.0,0.0,2.0,0.0,6.0,27.0,37.0,61.0,85.0,208.0,66.0,52.0,34.0
0.0,0.0,0.0,0.0,0.0,0.0,0.0,0.0,0.0,1.0,0.0,1.0,7.0,19.0,55.0,42.0,66.0,181.0,37.0,30.0
0.0,0.0,0.0,0.0,0.0,0.0,0.0,0.0,0.0,0.0,1.0,1.0,4.0,16.0,16.0,44.0,52.0,37.0,182.0,44.0
0.0,0.0,0.0,0.0,0.0,0.0,0.0,0.0,0.0,0.0,0.0,0.0,0.0,4.0,7.0,18.0,34.0,30.0,44.0,134.0
#sv
chr3	186327788	+	chr3	119049964	+	.	0	0	4082317_2	99.0	.	VARTYPE=BND:DUP-th
#heatmap	linkage_type=pair_end
h=chr3:186326788-186328788	v=chr3:186326788-186328788	resolution=100	axis=0,0
52.0,38.0,12.0,9.0,9.0,6.0,1.0,0.0,0.0,0.0,0.0,0.0,0.0,0.0,0.0,0.0,0.0,0.0,0.0,0.0
38.0,242.0,99.0,54.0,52.0,38.0,10.0,8.0,3.0,0.0,1.0,0.0,0.0,0.0,0.0,0.0,0.0,0.0,0.0,0.0
12.0,99.0,233.0,78.0,41.0,45.0,20.0,9.0,5.0,1.0,0.0,0.0,0.0,0.0,0.0,0.0,0.0,0.0,0.0,0.0
9.0,54.0,78.0,221.0,71.0,31.0,24.0,14.0,13.0,10.0,1.0,0.0,0.0,0.0,0.0,0.0,0.0,0.0,0.0,0.0
9.0,52.0,41.0,71.0,204.0,73.0,32.0,41.0,20.0,12.0,2.0,1.0,0.0,0.0,0.0,0.0,0.0,0.0,0.0,0.0
6.0,38.0,45.0,31.0,73.0,251.0,68.0,62.0,64.0,32.0,5.0,2.0,0.0,0.0,0.0,0.0,0.0,0.0,0.0,0.0
1.0,10.0,20.0,24.0,32.0,68.0,222.0,64.0,72.0,64.0,19.0,4.0,0.0,0.0,0.0,0.0,0.0,0.0,0.0,0.0
0.0,8.0,9.0,14.0,41.0,62.0,64.0,232.0,104.0,38.0,48.0,17.0,6.0,2.0,1.0,0.0,0.0,0.0,0.0,0.0
0.0,3.0,5.0,13.0,20.0,64.0,72.0,104.0,263.0,109.0,49.0,29.0,17.0,3.0,0.0,0.0,0.0,0.0,0.0,0.0
0.0,0.0,1.0,10.0,12.0,32.0,64.0,38.0,109.0,225.0,60.0,21.0,27.0,20.0,3.0,1.0,0.0,0.0,0.0,0.0
0.0,1.0,0.0,1.0,2.0,5.0,19.0,48.0,49.0,60.0,171.0,34.0,23.0,32.0,7.0,3.0,1.0,0.0,0.0,0.0
0.0,0.0,0.0,0.0,1.0,2.0,4.0,17.0,29.0,21.0,34.0,113.0,39.0,27.0,26.0,20.0,4.0,1.0,0.0,0.0
0.0,0.0,0.0,0.0,0.0,0.0,0.0,6.0,17.0,27.0,23.0,39.0,113.0,49.0,29.0,23.0,3.0,5.0,2.0,0.0
0.0,0.0,0.0,0.0,0.0,0.0,0.0,2.0,3.0,20.0,32.0,27.0,49.0,111.0,35.0,26.0,13.0,7.0,5.0,1.0
0.0,0.0,0.0,0.0,0.0,0.0,0.0,1.0,0.0,3.0,7.0,26.0,29.0,35.0,114.0,42.0,19.0,21.0,11.0,3.0
0.0,0.0,0.0,0.0,0.0,0.0,0.0,0.0,0.0,1.0,3.0,20.0,23.0,26.0,42.0,98.0,32.0,20.0,17.0,7.0
0.0,0.0,0.0,0.0,0.0,0.0,0.0,0.0,0.0,0.0,1.0,4.0,3.0,13.0,19.0,32.0,90.0,33.0,17.0,17.0
0.0,0.0,0.0,0.0,0.0,0.0,0.0,0.0,0.0,0.0,0.0,1.0,5.0,7.0,21.0,20.0,33.0,126.0,42.0,31.0
0.0,0.0,0.0,0.0,0.0,0.0,0.0,0.0,0.0,0.0,0.0,0.0,2.0,5.0,11.0,17.0,17.0,42.0,108.0,40.0
0.0,0.0,0.0,0.0,0.0,0.0,0.0,0.0,0.0,0.0,0.0,0.0,0.0,1.0,3.0,7.0,17.0,31.0,40.0,132.0
h=chr3:186326788-186328788	v=chr3:119048964-119050964	resolution=100	axis=1,0
0.0,0.0,0.0,0.0,0.0,0.0,0.0,0.0,0.0,0.0,0.0,0.0,0.0,0.0,0.0,0.0,0.0,0.0,0.0,0.0
0.0,0.0,0.0,0.0,0.0,0.0,0.0,0.0,0.0,0.0,0.0,0.0,0.0,0.0,0.0,0.0,0.0,0.0,0.0,0.0
0.0,0.0,0.0,0.0,0.0,0.0,0.0,0.0,0.0,0.0,0.0,0.0,0.0,0.0,0.0,0.0,0.0,0.0,0.0,0.0
0.0,0.0,0.0,0.0,0.0,0.0,0.0,0.0,0.0,0.0,0.0,0.0,0.0,0.0,0.0,0.0,0.0,0.0,0.0,0.0
0.0,0.0,0.0,0.0,0.0,0.0,0.0,0.0,0.0,0.0,0.0,0.0,0.0,0.0,0.0,0.0,0.0,0.0,0.0,0.0
0.0,0.0,0.0,0.0,0.0,0.0,0.0,0.0,0.0,0.0,0.0,0.0,0.0,0.0,0.0,0.0,0.0,0.0,0.0,0.0
0.0,0.0,0.0,0.0,0.0,0.0,0.0,0.0,0.0,0.0,0.0,1.0,1.0,0.0,0.0,0.0,0.0,0.0,0.0,0.0
0.0,0.0,0.0,0.0,0.0,0.0,0.0,0.0,0.0,0.0,0.0,7.0,3.0,1.0,0.0,0.0,0.0,0.0,0.0,0.0
0.0,0.0,0.0,0.0,0.0,0.0,0.0,0.0,0.0,0.0,0.0,3.0,5.0,0.0,0.0,0.0,0.0,0.0,0.0,0.0
0.0,0.0,0.0,0.0,0.0,0.0,0.0,0.0,0.0,0.0,0.0,8.0,7.0,5.0,3.0,1.0,0.0,0.0,0.0,0.0
0.0,0.0,0.0,0.0,0.0,0.0,0.0,0.0,0.0,0.0,0.0,7.0,14.0,15.0,4.0,2.0,1.0,0.0,0.0,0.0
0.0,0.0,0.0,0.0,0.0,0.0,0.0,0.0,0.0,0.0,0.0,0.0,0.0,0.0,0.0,0.0,0.0,0.0,0.0,0.0
0.0,0.0,0.0,0.0,0.0,0.0,0.0,0.0,0.0,0.0,0.0,0.0,0.0,0.0,0.0,0.0,0.0,0.0,0.0,0.0
0.0,0.0,0.0,0.0,0.0,0.0,0.0,0.0,0.0,0.0,0.0,0.0,0.0,0.0,0.0,0.0,0.0,0.0,0.0,0.0
0.0,0.0,0.0,0.0,0.0,0.0,0.0,0.0,0.0,0.0,0.0,0.0,0.0,0.0,0.0,0.0,0.0,0.0,0.0,0.0
0.0,0.0,0.0,0.0,0.0,0.0,0.0,0.0,0.0,0.0,0.0,0.0,0.0,0.0,0.0,0.0,0.0,0.0,0.0,0.0
0.0,0.0,0.0,0.0,0.0,0.0,0.0,0.0,0.0,0.0,0.0,0.0,0.0,0.0,0.0,0.0,0.0,0.0,0.0,0.0
0.0,0.0,0.0,0.0,0.0,0.0,0.0,0.0,0.0,0.0,0.0,0.0,0.0,0.0,0.0,0.0,0.0,0.0,0.0,0.0
0.0,0.0,0.0,0.0,0.0,0.0,0.0,0.0,0.0,0.0,0.0,0.0,0.0,0.0,0.0,0.0,0.0,0.0,0.0,0.0
0.0,0.0,0.0,0.0,0.0,0.0,0.0,0.0,0.0,0.0,0.0,0.0,0.0,0.0,0.0,0.0,0.0,0.0,0.0,0.0
h=chr3:119048964-119050964	v=chr3:186326788-186328788	resolution=100	axis=0,1
0.0,0.0,0.0,0.0,0.0,0.0,0.0,0.0,0.0,0.0,0.0,0.0,0.0,0.0,0.0,0.0,0.0,0.0,0.0,0.0
0.0,0.0,0.0,0.0,0.0,0.0,0.0,0.0,0.0,0.0,0.0,0.0,0.0,0.0,0.0,0.0,0.0,0.0,0.0,0.0
0.0,0.0,0.0,0.0,0.0,0.0,0.0,0.0,0.0,0.0,0.0,0.0,0.0,0.0,0.0,0.0,0.0,0.0,0.0,0.0
0.0,0.0,0.0,0.0,0.0,0.0,0.0,0.0,0.0,0.0,0.0,0.0,0.0,0.0,0.0,0.0,0.0,0.0,0.0,0.0
0.0,0.0,0.0,0.0,0.0,0.0,0.0,0.0,0.0,0.0,0.0,0.0,0.0,0.0,0.0,0.0,0.0,0.0,0.0,0.0
0.0,0.0,0.0,0.0,0.0,0.0,0.0,0.0,0.0,0.0,0.0,0.0,0.0,0.0,0.0,0.0,0.0,0.0,0.0,0.0
0.0,0.0,0.0,0.0,0.0,0.0,0.0,0.0,0.0,0.0,0.0,0.0,0.0,0.0,0.0,0.0,0.0,0.0,0.0,0.0
0.0,0.0,0.0,0.0,0.0,0.0,0.0,0.0,0.0,0.0,0.0,0.0,0.0,0.0,0.0,0.0,0.0,0.0,0.0,0.0
0.0,0.0,0.0,0.0,0.0,0.0,0.0,0.0,0.0,0.0,0.0,0.0,0.0,0.0,0.0,0.0,0.0,0.0,0.0,0.0
0.0,0.0,0.0,0.0,0.0,0.0,0.0,0.0,0.0,0.0,0.0,0.0,0.0,0.0,0.0,0.0,0.0,0.0,0.0,0.0
0.0,0.0,0.0,0.0,0.0,0.0,0.0,0.0,0.0,0.0,0.0,0.0,0.0,0.0,0.0,0.0,0.0,0.0,0.0,0.0
0.0,0.0,0.0,0.0,0.0,0.0,1.0,7.0,3.0,8.0,7.0,0.0,0.0,0.0,0.0,0.0,0.0,0.0,0.0,0.0
0.0,0.0,0.0,0.0,0.0,0.0,1.0,3.0,5.0,7.0,14.0,0.0,0.0,0.0,0.0,0.0,0.0,0.0,0.0,0.0
0.0,0.0,0.0,0.0,0.0,0.0,0.0,1.0,0.0,5.0,15.0,0.0,0.0,0.0,0.0,0.0,0.0,0.0,0.0,0.0
0.0,0.0,0.0,0.0,0.0,0.0,0.0,0.0,0.0,3.0,4.0,0.0,0.0,0.0,0.0,0.0,0.0,0.0,0.0,0.0
0.0,0.0,0.0,0.0,0.0,0.0,0.0,0.0,0.0,1.0,2.0,0.0,0.0,0.0,0.0,0.0,0.0,0.0,0.0,0.0
0.0,0.0,0.0,0.0,0.0,0.0,0.0,0.0,0.0,0.0,1.0,0.0,0.0,0.0,0.0,0.0,0.0,0.0,0.0,0.0
0.0,0.0,0.0,0.0,0.0,0.0,0.0,0.0,0.0,0.0,0.0,0.0,0.0,0.0,0.0,0.0,0.0,0.0,0.0,0.0
0.0,0.0,0.0,0.0,0.0,0.0,0.0,0.0,0.0,0.0,0.0,0.0,0.0,0.0,0.0,0.0,0.0,0.0,0.0,0.0
0.0,0.0,0.0,0.0,0.0,0.0,0.0,0.0,0.0,0.0,0.0,0.0,0.0,0.0,0.0,0.0,0.0,0.0,0.0,0.0
h=chr3:119048964-119050964	v=chr3:119048964-119050964	resolution=100	axis=1,1
100.0,50.0,21.0,27.0,17.0,8.0,2.0,2.0,0.0,0.0,0.0,0.0,0.0,0.0,0.0,0.0,0.0,0.0,0.0,0.0
50.0,171.0,45.0,35.0,36.0,27.0,10.0,5.0,3.0,0.0,0.0,0.0,0.0,0.0,0.0,0.0,0.0,0.0,0.0,0.0
21.0,45.0,207.0,45.0,38.0,54.0,31.0,21.0,6.0,1.0,0.0,2.0,0.0,0.0,0.0,0.0,0.0,0.0,0.0,0.0
27.0,35.0,45.0,193.0,58.0,36.0,44.0,16.0,5.0,5.0,2.0,1.0,0.0,0.0,0.0,0.0,0.0,0.0,0.0,0.0
17.0,36.0,38.0,58.0,179.0,51.0,37.0,32.0,15.0,7.0,3.0,1.0,2.0,0.0,0.0,0.0,0.0,0.0,0.0,0.0
8.0,27.0,54.0,36.0,51.0,210.0,80.0,40.0,37.0,28.0,4.0,3.0,3.0,0.0,0.0,0.0,0.0,0.0,0.0,0.0
2.0,10.0,31.0,44.0,37.0,80.0,217.0,84.0,42.0,42.0,20.0,9.0,4.0,1.0,0.0,0.0,0.0,0.0,0.0,0.0
2.0,5.0,21.0,16.0,32.0,40.0,84.0,217.0,72.0,36.0,50.0,24.0,16.0,6.0,2.0,0.0,0.0,0.0,0.0,0.0
0.0,3.0,6.0,5.0,15.0,37.0,42.0,72.0,191.0,63.0,34.0,35.0,33.0,15.0,7.0,1.0,0.0,0.0,0.0,0.0
0.0,0.0,1.0,5.0,7.0,28.0,42.0,36.0,63.0,215.0,73.0,45.0,37.0,27.0,20.0,8.0,2.0,1.0,0.0,0.0
0.0,0.0,0.0,2.0,3.0,4.0,20.0,50.0,34.0,73.0,197.0,60.0,37.0,47.0,26.0,6.0,0.0,0.0,1.0,0.0
0.0,0.0,2.0,1.0,1.0,3.0,9.0,24.0,35.0,45.0,60.0,231.0,90.0,54.0,34.0,20.0,6.0,1.0,1.0,0.0
0.0,0.0,0.0,0.0,2.0,3.0,4.0,16.0,33.0,37.0,37.0,90.0,248.0,92.0,33.0,41.0,27.0,7.0,4.0,0.0
0.0,0.0,0.0,0.0,0.0,0.0,1.0,6.0,15.0,27.0,47.0,54.0,92.0,258.0,108.0,35.0,37.0,19.0,16.0,4.0
0.0,0.0,0.0,0.0,0.0,0.0,0.0,2.0,7.0,20.0,26.0,34.0,33.0,108.0,244.0,91.0,61.0,55.0,16.0,7.0
0.0,0.0,0.0,0.0,0.0,0.0,0.0,0.0,1.0,8.0,6.0,20.0,41.0,35.0,91.0,207.0,85.0,42.0,44.0,18.0
0.0,0.0,0.0,0.0,0.0,0.0,0.0,0.0,0.0,2.0,0.0,6.0,27.0,37.0,61.0,85.0,208.0,66.0,52.0,34.0
0.0,0.0,0.0,0.0,0.0,0.0,0.0,0.0,0.0,1.0,0.0,1.0,7.0,19.0,55.0,42.0,66.0,181.0,37.0,30.0
0.0,0.0,0.0,0.0,0.0,0.0,0.0,0.0,0.0,0.0,1.0,1.0,4.0,16.0,16.0,44.0,52.0,37.0,182.0,44.0
0.0,0.0,0.0,0.0,0.0,0.0,0.0,0.0,0.0,0.0,0.0,0.0,0.0,4.0,7.0,18.0,34.0,30.0,44.0,134.0
#sv
chr12	19373868	+	chr5	44529751	+	.	0	0	5255583_1	71.0	.	VARTYPE=BND:TRX-ht
#heatmap	linkage_type=pair_end
h=chr12:19372868-19374868	v=chr12:19372868-19374868	resolution=100	axis=0,0
76.0,37.0,22.0,18.0,8.0,2.0,0.0,2.0,2.0,0.0,0.0,0.0,0.0,0.0,0.0,0.0,0.0,0.0,0.0,0.0
37.0,126.0,37.0,26.0,15.0,6.0,6.0,0.0,1.0,0.0,0.0,0.0,0.0,0.0,0.0,0.0,0.0,0.0,0.0,0.0
22.0,37.0,143.0,39.0,23.0,19.0,10.0,2.0,4.0,2.0,0.0,0.0,0.0,0.0,0.0,0.0,0.0,0.0,0.0,0.0
18.0,26.0,39.0,145.0,53.0,24.0,37.0,10.0,5.0,2.0,0.0,0.0,0.0,0.0,0.0,0.0,0.0,0.0,0.0,0.0
8.0,15.0,23.0,53.0,149.0,59.0,31.0,22.0,22.0,11.0,2.0,1.0,1.0,0.0,0.0,0.0,0.0,0.0,0.0,0.0
2.0,6.0,19.0,24.0,59.0,143.0,48.0,22.0,25.0,16.0,3.0,0.0,0.0,0.0,0.0,0.0,0.0,0.0,0.0,0.0
0.0,6.0,10.0,37.0,31.0,48.0,133.0,34.0,18.0,20.0,10.0,5.0,1.0,0.0,0.0,0.0,0.0,0.0,0.0,0.0
2.0,0.0,2.0,10.0,22.0,22.0,34.0,122.0,36.0,32.0,15.0,10.0,4.0,5.0,1.0,1.0,0.0,0.0,0.0,0.0
2.0,1.0,4.0,5.0,22.0,25.0,18.0,36.0,113.0,36.0,18.0,14.0,7.0,4.0,4.0,1.0,0.0,0.0,1.0,1.0
0.0,0.0,2.0,2.0,11.0,16.0,20.0,32.0,36.0,194.0,73.0,32.0,40.0,16.0,8.0,3.0,0.0,0.0,0.0,0.0
0.0,0.0,0.0,0.0,2.0,3.0,10.0,15.0,18.0,73.0,165.0,45.0,31.0,24.0,14.0,8.0,1.0,0.0,0.0,0.0
0.0,0.0,0.0,0.0,1.0,0.0,5.0,10.0,14.0,32.0,45.0,102.0,37.0,16.0,25.0,4.0,4.0,2.0,0.0,0.0
0.0,0.0,0.0,0.0,1.0,0.0,1.0,4.0,7.0,40.0,31.0,37.0,143.0,56.0,34.0,30.0,13.0,11.0,4.0,2.0
0.0,0.0,0.0,0.0,0.0,0.0,0.0,5.0,4.0,16.0,24.0,16.0,56.0,116.0,34.0,26.0,19.0,14.0,10.0,2.0
0.0,0.0,0.0,0.0,0.0,0.0,0.0,1.0,4.0,8.0,14.0,25.0,34.0,34.0,124.0,48.0,16.0,27.0,11.0,4.0
0.0,0.0,0.0,0.0,0.0,0.0,0.0,1.0,1.0,3.0,8.0,4.0,30.0,26.0,48.0,136.0,49.0,37.0,37.0,12.0
0.0,0.0,0.0,0.0,0.0,0.0,0.0,0.0,0.0,0.0,1.0,4.0,13.0,19.0,16.0,49.0,121.0,43.0,36.0,34.0
0.0,0.0,0.0,0.0,0.0,0.0,0.0,0.0,0.0,0.0,0.0,2.0,11.0,14.0,27.0,37.0,43.0,150.0,57.0,42.0
0.0,0.0,0.0,0.0,0.0,0.0,0.0,0.0,1.0,0.0,0.0,0.0,4.0,10.0,11.0,37.0,36.0,57.0,144.0,62.0
0.0,0.0,0.0,0.0,0.0,0.0,0.0,0.0,1.0,0.0,0.0,0.0,2.0,2.0,4.0,12.0,34.0,42.0,62.0,152.0
h=chr12:19372868-19374868	v=chr5:44528751-44530751	resolution=100	axis=1,0
0.0,0.0,0.0,0.0,0.0,0.0,0.0,0.0,0.0,0.0,0.0,0.0,0.0,0.0,0.0,0.0,0.0,0.0,0.0,0.0
0.0,0.0,0.0,0.0,0.0,0.0,0.0,0.0,0.0,0.0,0.0,0.0,0.0,0.0,0.0,0.0,0.0,0.0,0.0,0.0
0.0,0.0,0.0,0.0,0.0,0.0,0.0,0.0,0.0,0.0,0.0,0.0,0.0,0.0,0.0,0.0,0.0,0.0,0.0,0.0
0.0,0.0,0.0,0.0,0.0,0.0,0.0,0.0,0.0,0.0,0.0,0.0,0.0,0.0,0.0,0.0,0.0,0.0,0.0,0.0
0.0,0.0,0.0,0.0,0.0,0.0,0.0,0.0,0.0,0.0,0.0,0.0,0.0,0.0,0.0,0.0,0.0,0.0,0.0,0.0
0.0,0.0,0.0,0.0,0.0,0.0,0.0,0.0,0.0,0.0,0.0,0.0,0.0,0.0,0.0,0.0,0.0,0.0,0.0,0.0
0.0,0.0,0.0,0.0,0.0,0.0,0.0,0.0,0.0,0.0,0.0,0.0,0.0,0.0,0.0,0.0,0.0,0.0,0.0,0.0
0.0,0.0,0.0,0.0,0.0,0.0,0.0,0.0,0.0,0.0,0.0,0.0,0.0,0.0,0.0,0.0,0.0,0.0,0.0,0.0
0.0,0.0,0.0,0.0,0.0,0.0,0.0,0.0,0.0,0.0,0.0,0.0,0.0,0.0,0.0,0.0,0.0,0.0,0.0,0.0
0.0,0.0,0.0,0.0,0.0,0.0,0.0,0.0,0.0,0.0,0.0,9.0,2.0,0.0,2.0,3.0,0.0,0.0,0.0,0.0
0.0,0.0,0.0,0.0,0.0,0.0,0.0,0.0,0.0,0.0,0.0,6.0,11.0,1.0,7.0,5.0,2.0,2.0,0.0,0.0
0.0,0.0,0.0,0.0,0.0,0.0,0.0,0.0,0.0,0.0,0.0,0.0,0.0,0.0,0.0,0.0,0.0,0.0,0.0,0.0
0.0,0.0,0.0,0.0,0.0,0.0,0.0,0.0,0.0,0.0,0.0,0.0,0.0,0.0,0.0,0.0,0.0,0.0,0.0,0.0
0.0,0.0,0.0,0.0,0.0,0.0,0.0,0.0,0.0,0.0,0.0,0.0,0.0,0.0,0.0,0.0,0.0,0.0,0.0,0.0
0.0,0.0,0.0,0.0,0.0,0.0,0.0,0.0,0.0,0.0,0.0,0.0,0.0,0.0,0.0,0.0,0.0,0.0,0.0,0.0
0.0,0.0,0.0,0.0,0.0,0.0,0.0,0.0,0.0,0.0,0.0,0.0,0.0,0.0,0.0,0.0,0.0,0.0,0.0,0.0
0.0,0.0,0.0,0.0,0.0,0.0,0.0,0.0,0.0,0.0,0.0,0.0,0.0,0.0,0.0,0.0,0.0,0.0,0.0,0.0
0.0,0.0,0.0,0.0,0.0,0.0,0.0,0.0,0.0,0.0,0.0,0.0,0.0,0.0,0.0,0.0,0.0,0.0,0.0,0.0
0.0,0.0,0.0,0.0,0.0,0.0,0.0,0.0,0.0,0.0,0.0,0.0,0.0,0.0,0.0,0.0,0.0,0.0,0.0,0.0
0.0,0.0,0.0,0.0,0.0,0.0,0.0,0.0,0.0,0.0,0.0,0.0,0.0,0.0,0.0,0.0,0.0,0.0,0.0,0.0
h=chr5:44528751-44530751	v=chr12:19372868-19374868	resolution=100	axis=0,1
0.0,0.0,0.0,0.0,0.0,0.0,0.0,0.0,0.0,0.0,0.0,0.0,0.0,0.0,0.0,0.0,0.0,0.0,0.0,0.0
0.0,0.0,0.0,0.0,0.0,0.0,0.0,0.0,0.0,0.0,0.0,0.0,0.0,0.0,0.0,0.0,0.0,0.0,0.0,0.0
0.0,0.0,0.0,0.0,0.0,0.0,0.0,0.0,0.0,0.0,0.0,0.0,0.0,0.0,0.0,0.0,0.0,0.0,0.0,0.0
0.0,0.0,0.0,0.0,0.0,0.0,0.0,0.0,0.0,0.0,0.0,0.0,0.0,0.0,0.0,0.0,0.0,0.0,0.0,0.0
0.0,0.0,0.0,0.0,0.0,0.0,0.0,0.0,0.0,0.0,0.0,0.0,0.0,0.0,0.0,0.0,0.0,0.0,0.0,0.0
0.0,0.0,0.0,0.0,0.0,0.0,0.0,0.0,0.0,0.0,0.0,0.0,0.0,0.0,0.0,0.0,0.0,0.0,0.0,0.0
0.0,0.0,0.0,0.0,0.0,0.0,0.0,0.0,0.0,0.0,0.0,0.0,0.0,0.0,0.0,0.0,0.0,0.0,0.0,0.0
0.0,0.0,0.0,0.0,0.0,0.0,0.0,0.0,0.0,0.0,0.0,0.0,0.0,0.0,0.0,0.0,0.0,0.0,0.0,0.0
0.0,0.0,0.0,0.0,0.0,0.0,0.0,0.0,0.0,0.0,0.0,0.0,0.0,0.0,0.0,0.0,0.0,0.0,0.0,0.0
0.0,0.0,0.0,0.0,0.0,0.0,0.0,0.0,0.0,0.0,0.0,0.0,0.0,0.0,0.0,0.0,0.0,0.0,0.0,0.0
0.0,0.0,0.0,0.0,0.0,0.0,0.0,0.0,0.0,0.0,0.0,0.0,0.0,0.0,0.0,0.0,0.0,0.0,0.0,0.0
0.0,0.0,0.0,0.0,0.0,0.0,0.0,0.0,0.0,9.0,6.0,0.0,0.0,0.0,0.0,0.0,0.0,0.0,0.0,0.0
0.0,0.0,0.0,0.0,0.0,0.0,0.0,0.0,0.0,2.0,11.0,0.0,0.0,0.0,0.0,0.0,0.0,0.0,0.0,0.0
0.0,0.0,0.0,0.0,0.0,0.0,0.0,0.0,0.0,0.0,1.0,0.0,0.0,0.0,0.0,0.0,0.0,0.0,0.0,0.0
0.0,0.0,0.0,0.0,0.0,0.0,0.0,0.0,0.0,2.0,7.0,0.0,0.0,0.0,0.0,0.0,0.0,0.0,0.0,0.0
0.0,0.0,0.0,0.0,0.0,0.0,0.0,0.0,0.0,3.0,5.0,0.0,0.0,0.0,0.0,0.0,0.0,0.0,0.0,0.0
0.0,0.0,0.0,0.0,0.0,0.0,0.0,0.0,0.0,0.0,2.0,0.0,0.0,0.0,0.0,0.0,0.0,0.0,0.0,0.0
0.0,0.0,0.0,0.0,0.0,0.0,0.0,0.0,0.0,0.0,2.0,0.0,0.0,0.0,0.0,0.0,0.0,0.0,0.0,0.0
0.0,0.0,0.0,0.0,0.0,0.0,0.0,0.0,0.0,0.0,0.0,0.0,0.0,0.0,0.0,0.0,0.0,0.0,0.0,0.0
0.0,0.0,0.0,0.0,0.0,0.0,0.0,0.0,0.0,0.0,0.0,0.0,0.0,0.0,0.0,0.0,0.0,0.0,0.0,0.0
h=chr5:44528751-44530751	v=chr5:44528751-44530751	resolution=100	axis=1,1
58.0,32.0,20.0,18.0,7.0,3.0,2.0,0.0,0.0,0.0,0.0,0.0,0.0,0.0,0.0,0.0,0.0,0.0,0.0,0.0
32.0,108.0,41.0,30.0,15.0,9.0,3.0,2.0,3.0,1.0,0.0,0.0,0.0,0.0,0.0,0.0,0.0,0.0,0.0,0.0
20.0,41.0,106.0,39.0,22.0,15.0,9.0,1.0,3.0,1.0,0.0,0.0,0.0,0.0,0.0,0.0,0.0,0.0,0.0,0.0
18.0,30.0,39.0,92.0,17.0,26.0,11.0,7.0,3.0,0.0,0.0,0.0,0.0,0.0,0.0,0.0,0.0,0.0,0.0,0.0
7.0,15.0,22.0,17.0,77.0,22.0,11.0,15.0,10.0,1.0,1.0,0.0,0.0,0.0,0.0,0.0,0.0,0.0,0.0,0.0
3.0,9.0,15.0,26.0,22.0,104.0,38.0,26.0,23.0,8.0,3.0,0.0,0.0,0.0,0.0,0.0,0.0,0.0,0.0,0.0
2.0,3.0,9.0,11.0,11.0,38.0,100.0,43.0,28.0,22.0,9.0,5.0,3.0,0.0,0.0,0.0,0.0,0.0,0.0,0.0
0.0,2.0,1.0,7.0,15.0,26.0,43.0,94.0,44.0,27.0,10.0,5.0,3.0,2.0,1.0,0.0,0.0,0.0,0.0,0.0
0.0,3.0,3.0,3.0,10.0,23.0,28.0,44.0,113.0,42.0,19.0,15.0,9.0,4.0,4.0,0.0,1.0,0.0,0.0,0.0
0.0,1.0,1.0,0.0,1.0,8.0,22.0,27.0,42.0,137.0,62.0,30.0,32.0,26.0,9.0,3.0,0.0,0.0,0.0,0.0
0.0,0.0,0.0,0.0,1.0,3.0,9.0,10.0,19.0,62.0,128.0,44.0,30.0,43.0,31.0,11.0,1.0,0.0,1.0,1.0
0.0,0.0,0.0,0.0,0.0,0.0,5.0,5.0,15.0,30.0,44.0,168.0,63.0,43.0,57.0,29.0,9.0,0.0,0.0,1.0
0.0,0.0,0.0,0.0,0.0,0.0,3.0,3.0,9.0,32.0,30.0,63.0,211.0,70.0,70.0,49.0,24.0,6.0,5.0,3.0
0.0,0.0,0.0,0.0,0.0,0.0,0.0,2.0,4.0,26.0,43.0,43.0,70.0,205.0,103.0,49.0,38.0,13.0,13.0,10.0
0.0,0.0,0.0,0.0,0.0,0.0,0.0,1.0,4.0,9.0,31.0,57.0,70.0,103.0,271.0,104.0,44.0,40.0,20.0,8.0
0.0,0.0,0.0,0.0,0.0,0.0,0.0,0.0,0.0,3.0,11.0,29.0,49.0,49.0,104.0,226.0,72.0,30.0,31.0,17.0
0.0,0.0,0.0,0.0,0.0,0.0,0.0,0.0,1.0,0.0,1.0,9.0,24.0,38.0,44.0,72.0,179.0,48.0,33.0,36.0
0.0,0.0,0.0,0.0,0.0,0.0,0.0,0.0,0.0,0.0,0.0,0.0,6.0,13.0,40.0,30.0,48.0,218.0,77.0,63.0
0.0,0.0,0.0,0.0,0.0,0.0,0.0,0.0,0.0,0.0,1.0,0.0,5.0,13.0,20.0,31.0,33.0,77.0,199.0,68.0
0.0,0.0,0.0,0.0,0.0,0.0,0.0,0.0,0.0,0.0,1.0,1.0,3.0,10.0,8.0,17.0,36.0,63.0,68.0,196.0
#sv
chr5	44532859	+	chr12	19373619	+	.	0	0	10751927_1	79.0	.	VARTYPE=BND:TRX-th
#heatmap	linkage_type=pair_end
h=chr5:44531859-44533859	v=chr5:44531859-44533859	resolution=100	axis=0,0
65.0,31.0,12.0,12.0,13.0,10.0,1.0,1.0,0.0,0.0,0.0,0.0,0.0,0.0,0.0,0.0,0.0,0.0,0.0,0.0
31.0,114.0,40.0,19.0,22.0,10.0,7.0,3.0,3.0,1.0,0.0,0.0,0.0,0.0,0.0,0.0,0.0,0.0,0.0,0.0
12.0,40.0,126.0,37.0,23.0,24.0,21.0,10.0,2.0,0.0,0.0,0.0,0.0,0.0,0.0,0.0,0.0,0.0,0.0,0.0
12.0,19.0,37.0,122.0,42.0,20.0,23.0,25.0,6.0,3.0,3.0,0.0,0.0,0.0,0.0,0.0,0.0,0.0,0.0,0.0
13.0,22.0,23.0,42.0,150.0,51.0,28.0,37.0,28.0,11.0,4.0,1.0,0.0,0.0,0.0,0.0,0.0,0.0,0.0,0.0
10.0,10.0,24.0,20.0,51.0,155.0,51.0,33.0,40.0,26.0,8.0,1.0,0.0,0.0,0.0,0.0,0.0,0.0,0.0,0.0
1.0,7.0,21.0,23.0,28.0,51.0,165.0,50.0,29.0,40.0,15.0,5.0,3.0,0.0,0.0,0.0,0.0,0.0,0.0,0.0
1.0,3.0,10.0,25.0,37.0,33.0,50.0,176.0,61.0,39.0,35.0,7.0,5.0,0.0,0.0,0.0,0.0,0.0,1.0,0.0
0.0,3.0,2.0,6.0,28.0,40.0,29.0,61.0,186.0,58.0,40.0,22.0,12.0,10.0,5.0,2.0,1.0,0.0,0.0,0.0
0.0,1.0,0.0,3.0,11.0,26.0,40.0,39.0,58.0,200.0,53.0,30.0,43.0,19.0,9.0,2.0,1.0,1.0,1.0,0.0
0.0,0.0,0.0,3.0,4.0,8.0,15.0,35.0,40.0,53.0,149.0,26.0,27.0,20.0,4.0,0.0,0.0,0.0,1.0,0.0
0.0,0.0,0.0,0.0,1.0,1.0,5.0,7.0,22.0,30.0,26.0,98.0,41.0,16.0,16.0,9.0,2.0,2.0,0.0,0.0
0.0,0.0,0.0,0.0,0.0,0.0,3.0,5.0,12.0,43.0,27.0,41.0,124.0,39.0,25.0,18.0,12.0,8.0,1.0,0.0
0.0,0.0,0.0,0.0,0.0,0.0,0.0,0.0,10.0,19.0,20.0,16.0,39.0,105.0,30.0,18.0,21.0,13.0,3.0,2.0
0.0,0.0,0.0,0.0,0.0,0.0,0.0,0.0,5.0,9.0,4.0,16.0,25.0,30.0,116.0,44.0,32.0,20.0,15.0,6.0
0.0,0.0,0.0,0.0,0.0,0.0,0.0,0.0,2.0,2.0,0.0,9.0,18.0,18.0,44.0,104.0,28.0,15.0,30.0,19.0
0.0,0.0,0.0,0.0,0.0,0.0,0.0,0.0,1.0,1.0,0.0,2.0,12.0,21.0,32.0,28.0,108.0,33.0,29.0,21.0
0.0,0.0,0.0,0.0,0.0,0.0,0.0,0.0,0.0,1.0,0.0,2.0,8.0,13.0,20.0,15.0,33.0,112.0,38.0,24.0
0.0,0.0,0.0,0.0,0.0,0.0,0.0,1.0,0.0,1.0,1.0,0.0,1.0,3.0,15.0,30.0,29.0,38.0,154.0,64.0
0.0,0.0,0.0,0.0,0.0,0.0,0.0,0.0,0.0,0.0,0.0,0.0,0.0,2.0,6.0,19.0,21.0,24.0,64.0,140.0
h=chr5:44531859-44533859	v=chr12:19372619-19374619	resolution=100	axis=1,0
0.0,0.0,0.0,0.0,0.0,0.0,0.0,0.0,0.0,0.0,0.0,0.0,0.0,0.0,0.0,0.0,0.0,0.0,0.0,0.0
0.0,0.0,0.0,0.0,0.0,0.0,0.0,0.0,0.0,0.0,0.0,0.0,0.0,0.0,0.0,0.0,0.0,0.0,0.0,0.0
0.0,0.0,0.0,0.0,0.0,0.0,0.0,0.0,0.0,0.0,0.0,0.0,0.0,0.0,0.0,0.0,0.0,0.0,0.0,0.0
0.0,0.0,0.0,0.0,0.0,0.0,0.0,0.0,0.0,0.0,0.0,0.0,0.0,0.0,0.0,0.0,0.0,0.0,0.0,0.0
0.0,0.0,0.0,0.0,0.0,0.0,0.0,0.0,0.0,0.0,0.0,0.0,0.0,0.0,0.0,0.0,0.0,0.0,0.0,0.0
0.0,0.0,0.0,0.0,0.0,0.0,0.0,0.0,0.0,0.0,0.0,1.0,1.0,0.0,0.0,0.0,0.0,0.0,0.0,0.0
0.0,0.0,0.0,0.0,0.0,0.0,0.0,0.0,0.0,0.0,0.0,4.0,1.0,0.0,0.0,0.0,0.0,0.0,0.0,0.0
0.0,0.0,0.0,0.0,0.0,0.0,0.0,0.0,0.0,0.0,0.0,1.0,1.0,0.0,0.0,0.0,0.0,0.0,0.0,0.0
0.0,0.0,0.0,0.0,0.0,0.0,0.0,0.0,0.0,0.0,0.0,4.0,1.0,0.0,0.0,0.0,0.0,0.0,0.0,0.0
0.0,0.0,0.0,0.0,0.0,0.0,0.0,0.0,0.0,0.0,0.0,7.0,6.0,0.0,0.0,0.0,0.0,0.0,0.0,0.0
0.0,0.0,0.0,0.0,0.0,0.0,0.0,0.0,0.0,0.0,0.0,6.0,9.0,0.0,0.0,0.0,0.0,0.0,0.0,0.0
0.0,0.0,0.0,0.0,0.0,0.0,0.0,0.0,0.0,0.0,0.0,0.0,0.0,0.0,0.0,0.0,0.0,0.0,0.0,0.0
0.0,0.0,0.0,0.0,0.0,0.0,0.0,0.0,0.0,0.0,0.0,0.0,0.0,0.0,0.0,0.0,0.0,0.0,0.0,0.0
0.0,0.0,0.0,0.0,0.0,0.0,0.0,0.0,0.0,0.0,0.0,0.0,0.0,0.0,0.0,0.0,0.0,0.0,0.0,0.0
0.0,0.0,0.0,0.0,0.0,0.0,0.0,0.0,0.0,0.0,0.0,0.0,0.0,0.0,0.0,0.0,0.0,0.0,0.0,0.0
0.0,0.0,0.0,0.0,0.0,0.0,0.0,0.0,0.0,0.0,0.0,0.0,0.0,0.0,0.0,0.0,0.0,0.0,0.0,0.0
0.0,0.0,0.0,0.0,0.0,0.0,0.0,0.0,0.0,0.0,0.0,0.0,0.0,0.0,0.0,0.0,0.0,0.0,0.0,0.0
0.0,0.0,0.0,0.0,0.0,0.0,0.0,0.0,0.0,0.0,0.0,0.0,0.0,0.0,0.0,0.0,0.0,0.0,0.0,0.0
0.0,0.0,0.0,0.0,0.0,0.0,0.0,0.0,0.0,0.0,0.0,0.0,0.0,0.0,0.0,0.0,0.0,0.0,0.0,0.0
0.0,0.0,0.0,0.0,0.0,0.0,0.0,0.0,0.0,0.0,0.0,0.0,0.0,0.0,0.0,0.0,0.0,0.0,0.0,0.0
h=chr12:19372619-19374619	v=chr5:44531859-44533859	resolution=100	axis=0,1
0.0,0.0,0.0,0.0,0.0,0.0,0.0,0.0,0.0,0.0,0.0,0.0,0.0,0.0,0.0,0.0,0.0,0.0,0.0,0.0
0.0,0.0,0.0,0.0,0.0,0.0,0.0,0.0,0.0,0.0,0.0,0.0,0.0,0.0,0.0,0.0,0.0,0.0,0.0,0.0
0.0,0.0,0.0,0.0,0.0,0.0,0.0,0.0,0.0,0.0,0.0,0.0,0.0,0.0,0.0,0.0,0.0,0.0,0.0,0.0
0.0,0.0,0.0,0.0,0.0,0.0,0.0,0.0,0.0,0.0,0.0,0.0,0.0,0.0,0.0,0.0,0.0,0.0,0.0,0.0
0.0,0.0,0.0,0.0,0.0,0.0,0.0,0.0,0.0,0.0,0.0,0.0,0.0,0.0,0.0,0.0,0.0,0.0,0.0,0.0
