#sv
chr2	63328429	+	chr11	76139879	-	.	0	0	10273828_1	99.0	.	BX=AAGTCACAGAATTCCC-1_1,GAGGTGACACCGCTAG-1_1,AGTCGATTCTGCTAGA-1_1,ACTACAGCATCCCTTG-1_1,GTCATTTGTGTGTTCA-1_1,CATCAAGTCGCAAGCC-1_1,GACACATGTGAGGGTT-1_1,TTAGTTCTCTGAAGCT-1_1,GCCAAATAGCCCGAAA-1_1,CTGGCGATCAATCGAC-1_1,CCTAACCTCCTATGAG-1_1,ATATTCCCAGTGAATA-1_1,GACCAATAGGTGCTTT-1_2,TGGCATAAGATTCACC-1_2,CTCTTAACAGGTCCCA-1_3,TTGAGCACATTCGTTT-1_1,CGTTAGAAGCAATTGA-1_1,TTGACTTTCCGTAGGC-1_1,CGGAACCTCATAAGCC-1_1,TCCGGAGCATCCTTGC-1_1,GCTATAGTCCGTTAAG-1_1,TACCCACCAATAAGCA-1_1,ACTCAGAAGTGGACGT-1_1,AGCTGGCAGCAGTAGC-1_1,CGTGAGCTCACTACAG-1_1,CAAAGCTCACTTACGA-1_1,GTCACCTCATTCCTCG-1_1,TATTACCTCCAGAAGG-1_1,AGCGGTCCATGTAGAA-1_1,TTTGTGTAGGAATCAT-1_1,TACAAGCAGGTAACGC-1_3,CCAGTGGAGAGTAAGG-1_1,ATTTCTGTCCAACCGG-1_1,GCCGGATAGATTGAGT-1_2,ACTAAGCGTTTGACAC-1_1,GTCGTGGTCGCTTGAA-1_1,CTCTTAAAGCCCGTTG-1_1,GTTAAGCCAGACAGGT-1_2,ACATGTGGTTGAGGTG-1_1,CTATGAGAGGTATCAA-1_1,GTTGCCTTCCACTCGT-1_1,TCGGGCAAGAAGTGCC-1_2,AGGGCAATCCTCTACG-1_1,CCGGGATCACGCTTTC-1_1,CTCGAAACAGACACGA-1_1,AGCAATCAGAGGGTTC-1_1,GGGTCTGCAGATCACT-1_1,ACGCTCTAGTTCTGTG-1_3,CAGGTATTCCGACGTG-1_1,CACATTTGTGAGCACA-1_1,ATCACCCTCTCCACTG-1_1,CGGTGTGTCTGTGCAA-1_1;DISC_MAPQ=57;EVDNC=DSCRD;IMPRECISE;MAPQ=57;MATEID=10273828_2;MATENM=-1;NM=-1;NUMPARTS=0;SCTG=2:63328429(+)-11:76139879(+)__11_76121501_76146501D;SPAN=-1;SVTYPE=BND;TOOL=svaba;GENOTYPE=OC001B.bam(GT:0/0 AD:0 DP:31 GQ:8.4 PL:[0.0, 8.4, 92.4] SR:0 DR:0 LR:8.71 LO:0.0),OC001T.bam(GT:0/1 AD:64 DP:81 GQ:13.7 PL:[188.6, 0.0, 13.7] SR:0 DR:64 LR:-197.2 LO:197.2);ALT=t]chr11:76139879];VARTYPE=BND:TRX-hh;JOINTYPE=hh
#heatmap	linkage_type=pair_end
h=chr2:63327429-63329429	v=chr2:63327429-63329429	resolution=50	axis=0,0
102.0,89.0,34.0,18.0,26.0,24.0,24.0,23.0,16.0,13.0,8.0,5.0,0.0,2.0,2.0,0.0,0.0,0.0,0.0,0.0,0.0,0.0,0.0,0.0,0.0,0.0,0.0,0.0,0.0,0.0,0.0,0.0,0.0,0.0,0.0,0.0,0.0,0.0,0.0,0.0
89.0,149.0,92.0,60.0,33.0,31.0,27.0,28.0,22.0,21.0,12.0,7.0,1.0,3.0,2.0,1.0,1.0,1.0,0.0,0.0,0.0,0.0,0.0,0.0,0.0,0.0,0.0,0.0,0.0,0.0,0.0,0.0,0.0,0.0,0.0,0.0,0.0,0.0,0.0,0.0
34.0,92.0,155.0,110.0,57.0,14.0,18.0,31.0,34.0,23.0,16.0,8.0,3.0,2.0,0.0,1.0,1.0,1.0,0.0,0.0,0.0,0.0,0.0,0.0,0.0,0.0,0.0,0.0,0.0,0.0,0.0,0.0,0.0,0.0,0.0,0.0,0.0,0.0,0.0,0.0
18.0,60.0,110.0,177.0,118.0,56.0,15.0,30.0,35.0,29.0,22.0,12.0,5.0,4.0,4.0,4.0,1.0,1.0,0.0,0.0,0.0,0.0,0.0,0.0,0.0,0.0,0.0,0.0,0.0,0.0,0.0,0.0,0.0,0.0,0.0,0.0,0.0,0.0,0.0,0.0
26.0,33.0,57.0,118.0,190.0,120.0,49.0,23.0,33.0,37.0,37.0,29.0,14.0,10.0,7.0,7.0,4.0,2.0,1.0,0.0,0.0,0.0,0.0,0.0,0.0,0.0,0.0,0.0,0.0,0.0,0.0,0.0,0.0,0.0,0.0,0.0,0.0,0.0,0.0,0.0
24.0,31.0,14.0,56.0,120.0,166.0,90.0,45.0,26.0,37.0,36.0,30.0,23.0,17.0,13.0,10.0,4.0,2.0,0.0,0.0,0.0,0.0,0.0,0.0,0.0,0.0,0.0,0.0,0.0,0.0,0.0,0.0,0.0,0.0,0.0,0.0,0.0,0.0,0.0,0.0
24.0,27.0,18.0,15.0,49.0,90.0,146.0,99.0,47.0,25.0,32.0,44.0,37.0,29.0,12.0,5.0,2.0,2.0,1.0,1.0,0.0,0.0,0.0,0.0,0.0,0.0,0.0,0.0,0.0,0.0,0.0,0.0,0.0,0.0,0.0,0.0,0.0,0.0,0.0,0.0
23.0,28.0,31.0,30.0,23.0,45.0,99.0,152.0,98.0,49.0,23.0,32.0,30.0,32.0,18.0,11.0,2.0,4.0,2.0,2.0,0.0,0.0,0.0,0.0,0.0,0.0,0.0,0.0,0.0,0.0,0.0,0.0,0.0,0.0,0.0,0.0,0.0,0.0,0.0,0.0
16.0,22.0,34.0,35.0,33.0,26.0,47.0,98.0,160.0,107.0,58.0,24.0,25.0,37.0,31.0,26.0,7.0,8.0,4.0,4.0,1.0,0.0,0.0,0.0,0.0,0.0,0.0,0.0,0.0,0.0,0.0,0.0,0.0,0.0,0.0,0.0,0.0,0.0,0.0,0.0
13.0,21.0,23.0,29.0,37.0,37.0,25.0,49.0,107.0,169.0,116.0,62.0,30.0,43.0,38.0,36.0,13.0,9.0,5.0,4.0,2.0,0.0,1.0,1.0,1.0,0.0,0.0,0.0,0.0,0.0,0.0,0.0,0.0,0.0,0.0,0.0,0.0,0.0,0.0,0.0
8.0,12.0,16.0,22.0,37.0,36.0,32.0,23.0,58.0,116.0,166.0,101.0,52.0,33.0,38.0,40.0,20.0,20.0,14.0,12.0,2.0,2.0,3.0,2.0,1.0,0.0,0.0,0.0,0.0,0.0,0.0,0.0,0.0,0.0,0.0,0.0,0.0,0.0,0.0,0.0
5.0,7.0,8.0,12.0,29.0,30.0,44.0,32.0,24.0,62.0,101.0,169.0,111.0,75.0,29.0,35.0,29.0,32.0,25.0,21.0,3.0,2.0,2.0,1.0,0.0,0.0,0.0,0.0,0.0,0.0,0.0,0.0,0.0,0.0,0.0,0.0,0.0,0.0,0.0,0.0
0.0,1.0,3.0,5.0,14.0,23.0,37.0,30.0,25.0,30.0,52.0,111.0,148.0,109.0,48.0,21.0,19.0,28.0,25.0,25.0,2.0,2.0,2.0,1.0,0.0,0.0,0.0,0.0,0.0,0.0,0.0,0.0,0.0,0.0,0.0,0.0,0.0,0.0,0.0,0.0
2.0,3.0,2.0,4.0,10.0,17.0,29.0,32.0,37.0,43.0,33.0,75.0,109.0,162.0,93.0,48.0,13.0,24.0,30.0,31.0,6.0,4.0,4.0,2.0,1.0,0.0,0.0,0.0,0.0,0.0,0.0,0.0,0.0,0.0,0.0,0.0,0.0,0.0,0.0,0.0
2.0,2.0,0.0,4.0,7.0,13.0,12.0,18.0,31.0,38.0,38.0,29.0,48.0,93.0,145.0,95.0,30.0,14.0,26.0,34.0,9.0,4.0,4.0,4.0,4.0,2.0,1.0,1.0,1.0,0.0,0.0,0.0,0.0,0.0,0.0,0.0,0.0,0.0,0.0,0.0
0.0,1.0,1.0,4.0,7.0,10.0,5.0,11.0,26.0,36.0,40.0,35.0,21.0,48.0,95.0,144.0,74.0,41.0,22.0,35.0,14.0,12.0,9.0,10.0,8.0,4.0,1.0,1.0,1.0,0.0,0.0,0.0,0.0,0.0,0.0,0.0,0.0,0.0,0.0,0.0
0.0,1.0,1.0,1.0,4.0,4.0,2.0,2.0,7.0,13.0,20.0,29.0,19.0,13.0,30.0,74.0,123.0,85.0,54.0,27.0,16.0,18.0,17.0,17.0,10.0,7.0,0.0,0.0,0.0,0.0,0.0,0.0,0.0,0.0,0.0,0.0,0.0,0.0,0.0,0.0
0.0,1.0,1.0,1.0,2.0,2.0,2.0,4.0,8.0,9.0,20.0,32.0,28.0,24.0,14.0,41.0,85.0,161.0,124.0,76.0,11.0,13.0,24.0,23.0,15.0,6.0,5.0,6.0,3.0,2.0,2.0,0.0,0.0,0.0,0.0,0.0,0.0,0.0,0.0,0.0
0.0,0.0,0.0,0.0,1.0,0.0,1.0,2.0,4.0,5.0,14.0,25.0,25.0,30.0,26.0,22.0,54.0,124.0,170.0,119.0,25.0,12.0,25.0,24.0,19.0,6.0,6.0,7.0,4.0,3.0,2.0,0.0,0.0,0.0,0.0,0.0,0.0,0.0,0.0,0.0
0.0,0.0,0.0,0.0,0.0,0.0,1.0,2.0,4.0,4.0,12.0,21.0,25.0,31.0,34.0,35.0,27.0,76.0,119.0,186.0,53.0,31.0,23.0,28.0,27.0,12.0,9.0,9.0,4.0,1.0,1.0,1.0,2.0,1.0,1.0,0.0,0.0,0.0,0.0,0.0
0.0,0.0,0.0,0.0,0.0,0.0,0.0,0.0,1.0,2.0,2.0,3.0,2.0,6.0,9.0,14.0,16.0,11.0,25.0,53.0,79.0,57.0,35.0,22.0,24.0,23.0,14.0,10.0,6.0,3.0,2.0,1.0,2.0,1.0,1.0,0.0,0.0,0.0,0.0,0.0
0.0,0.0,0.0,0.0,0.0,0.0,0.0,0.0,0.0,0.0,2.0,2.0,2.0,4.0,4.0,12.0,18.0,13.0,12.0,31.0,57.0,82.0,54.0,36.0,20.0,28.0,20.0,14.0,8.0,4.0,3.0,3.0,4.0,3.0,1.0,0.0,0.0,0.0,0.0,0.0
0.0,0.0,0.0,0.0,0.0,0.0,0.0,0.0,0.0,1.0,3.0,2.0,2.0,4.0,4.0,9.0,17.0,24.0,25.0,23.0,35.0,54.0,93.0,66.0,38.0,15.0,20.0,19.0,14.0,4.0,3.0,3.0,3.0,2.0,0.0,1.0,1.0,1.0,0.0,0.0
0.0,0.0,0.0,0.0,0.0,0.0,0.0,0.0,0.0,1.0,2.0,1.0,1.0,2.0,4.0,10.0,17.0,23.0,24.0,28.0,22.0,36.0,66.0,87.0,53.0,20.0,13.0,17.0,13.0,4.0,5.0,3.0,3.0,2.0,2.0,3.0,1.0,1.0,0.0,0.0
0.0,0.0,0.0,0.0,0.0,0.0,0.0,0.0,0.0,1.0,1.0,0.0,0.0,1.0,4.0,8.0,10.0,15.0,19.0,27.0,24.0,20.0,38.0,53.0,81.0,43.0,24.0,10.0,11.0,12.0,17.0,14.0,8.0,2.0,2.0,3.0,1.0,1.0,0.0,0.0
0.0,0.0,0.0,0.0,0.0,0.0,0.0,0.0,0.0,0.0,0.0,0.0,0.0,0.0,2.0,4.0,7.0,6.0,6.0,12.0,23.0,28.0,15.0,20.0,43.0,66.0,42.0,17.0,6.0,17.0,24.0,20.0,10.0,0.0,1.0,1.0,0.0,0.0,0.0,0.0
0.0,0.0,0.0,0.0,0.0,0.0,0.0,0.0,0.0,0.0,0.0,0.0,0.0,0.0,1.0,1.0,0.0,5.0,6.0,9.0,14.0,20.0,20.0,13.0,24.0,42.0,76.0,50.0,32.0,20.0,23.0,26.0,18.0,5.0,1.0,2.0,1.0,1.0,0.0,0.0
0.0,0.0,0.0,0.0,0.0,0.0,0.0,0.0,0.0,0.0,0.0,0.0,0.0,0.0,1.0,1.0,0.0,6.0,7.0,9.0,10.0,14.0,19.0,17.0,10.0,17.0,50.0,77.0,55.0,27.0,10.0,25.0,25.0,14.0,4.0,3.0,1.0,1.0,1.0,1.0
0.0,0.0,0.0,0.0,0.0,0.0,0.0,0.0,0.0,0.0,0.0,0.0,0.0,0.0,1.0,1.0,0.0,3.0,4.0,4.0,6.0,8.0,14.0,13.0,11.0,6.0,32.0,55.0,74.0,43.0,22.0,21.0,27.0,21.0,12.0,6.0,3.0,3.0,1.0,1.0
0.0,0.0,0.0,0.0,0.0,0.0,0.0,0.0,0.0,0.0,0.0,0.0,0.0,0.0,0.0,0.0,0.0,2.0,3.0,1.0,3.0,4.0,4.0,4.0,12.0,17.0,20.0,27.0,43.0,72.0,49.0,40.0,19.0,19.0,15.0,7.0,4.0,3.0,3.0,3.0
0.0,0.0,0.0,0.0,0.0,0.0,0.0,0.0,0.0,0.0,0.0,0.0,0.0,0.0,0.0,0.0,0.0,2.0,2.0,1.0,2.0,3.0,3.0,5.0,17.0,24.0,23.0,10.0,22.0,49.0,78.0,58.0,31.0,14.0,18.0,11.0,13.0,9.0,6.0,5.0
0.0,0.0,0.0,0.0,0.0,0.0,0.0,0.0,0.0,0.0,0.0,0.0,0.0,0.0,0.0,0.0,0.0,0.0,0.0,1.0,1.0,3.0,3.0,3.0,14.0,20.0,26.0,25.0,21.0,40.0,58.0,82.0,51.0,16.0,10.0,9.0,13.0,8.0,7.0,6.0
0.0,0.0,0.0,0.0,0.0,0.0,0.0,0.0,0.0,0.0,0.0,0.0,0.0,0.0,0.0,0.0,0.0,0.0,0.0,2.0,2.0,4.0,3.0,3.0,8.0,10.0,18.0,25.0,27.0,19.0,31.0,51.0,77.0,36.0,22.0,7.0,11.0,10.0,10.0,8.0
0.0,0.0,0.0,0.0,0.0,0.0,0.0,0.0,0.0,0.0,0.0,0.0,0.0,0.0,0.0,0.0,0.0,0.0,0.0,1.0,1.0,3.0,2.0,2.0,2.0,0.0,5.0,14.0,21.0,19.0,14.0,16.0,36.0,60.0,44.0,15.0,5.0,10.0,9.0,8.0
0.0,0.0,0.0,0.0,0.0,0.0,0.0,0.0,0.0,0.0,0.0,0.0,0.0,0.0,0.0,0.0,0.0,0.0,0.0,1.0,1.0,1.0,0.0,2.0,2.0,1.0,1.0,4.0,12.0,15.0,18.0,10.0,22.0,44.0,58.0,29.0,14.0,9.0,9.0,8.0
0.0,0.0,0.0,0.0,0.0,0.0,0.0,0.0,0.0,0.0,0.0,0.0,0.0,0.0,0.0,0.0,0.0,0.0,0.0,0.0,0.0,0.0,1.0,3.0,3.0,1.0,2.0,3.0,6.0,7.0,11.0,9.0,7.0,15.0,29.0,51.0,31.0,20.0,7.0,10.0
0.0,0.0,0.0,0.0,0.0,0.0,0.0,0.0,0.0,0.0,0.0,0.0,0.0,0.0,0.0,0.0,0.0,0.0,0.0,0.0,0.0,0.0,1.0,1.0,1.0,0.0,1.0,1.0,3.0,4.0,13.0,13.0,11.0,5.0,14.0,31.0,62.0,47.0,26.0,15.0
0.0,0.0,0.0,0.0,0.0,0.0,0.0,0.0,0.0,0.0,0.0,0.0,0.0,0.0,0.0,0.0,0.0,0.0,0.0,0.0,0.0,0.0,1.0,1.0,1.0,0.0,1.0,1.0,3.0,3.0,9.0,8.0,10.0,10.0,9.0,20.0,47.0,59.0,36.0,20.0
0.0,0.0,0.0,0.0,0.0,0.0,0.0,0.0,0.0,0.0,0.0,0.0,0.0,0.0,0.0,0.0,0.0,0.0,0.0,0.0,0.0,0.0,0.0,0.0,0.0,0.0,0.0,1.0,1.0,3.0,6.0,7.0,10.0,9.0,9.0,7.0,26.0,36.0,50.0,30.0
0.0,0.0,0.0,0.0,0.0,0.0,0.0,0.0,0.0,0.0,0.0,0.0,0.0,0.0,0.0,0.0,0.0,0.0,0.0,0.0,0.0,0.0,0.0,0.0,0.0,0.0,0.0,1.0,1.0,3.0,5.0,6.0,8.0,8.0,8.0,10.0,15.0,20.0,30.0,57.0
h=chr2:63327429-63329429	v=chr11:76138879-76140879	resolution=50	axis=1,0
0.0,0.0,0.0,0.0,0.0,0.0,0.0,0.0,0.0,0.0,0.0,0.0,0.0,0.0,0.0,0.0,0.0,0.0,0.0,0.0,0.0,0.0,0.0,0.0,0.0,0.0,0.0,0.0,0.0,0.0,0.0,0.0,0.0,0.0,0.0,0.0,0.0,0.0,0.0,0.0
0.0,0.0,0.0,0.0,0.0,0.0,0.0,0.0,0.0,0.0,0.0,0.0,0.0,0.0,0.0,0.0,0.0,0.0,0.0,0.0,0.0,0.0,0.0,0.0,0.0,0.0,0.0,0.0,0.0,0.0,0.0,0.0,0.0,0.0,0.0,0.0,0.0,0.0,0.0,0.0
0.0,0.0,0.0,0.0,0.0,0.0,0.0,0.0,0.0,0.0,0.0,0.0,0.0,0.0,0.0,0.0,0.0,0.0,0.0,0.0,0.0,0.0,0.0,0.0,0.0,0.0,0.0,0.0,0.0,0.0,0.0,0.0,0.0,0.0,0.0,0.0,0.0,0.0,0.0,0.0
0.0,0.0,0.0,0.0,0.0,0.0,0.0,0.0,0.0,0.0,0.0,0.0,0.0,0.0,0.0,0.0,0.0,0.0,0.0,0.0,0.0,0.0,0.0,0.0,0.0,0.0,0.0,0.0,0.0,0.0,0.0,0.0,0.0,0.0,0.0,0.0,0.0,0.0,0.0,0.0
0.0,0.0,0.0,0.0,0.0,0.0,0.0,0.0,0.0,0.0,0.0,0.0,0.0,0.0,0.0,0.0,0.0,0.0,0.0,0.0,0.0,0.0,0.0,0.0,0.0,0.0,0.0,0.0,0.0,0.0,0.0,0.0,0.0,0.0,0.0,0.0,0.0,0.0,0.0,0.0
0.0,0.0,0.0,0.0,0.0,0.0,0.0,0.0,0.0,0.0,0.0,0.0,0.0,0.0,0.0,0.0,0.0,0.0,0.0,0.0,0.0,0.0,0.0,0.0,0.0,0.0,0.0,0.0,0.0,0.0,0.0,0.0,0.0,0.0,0.0,0.0,0.0,0.0,0.0,0.0
0.0,0.0,0.0,0.0,0.0,0.0,0.0,0.0,0.0,0.0,0.0,0.0,0.0,0.0,0.0,0.0,0.0,0.0,0.0,0.0,0.0,0.0,0.0,0.0,0.0,0.0,0.0,0.0,0.0,0.0,0.0,0.0,0.0,0.0,0.0,0.0,0.0,0.0,0.0,0.0
0.0,0.0,0.0,0.0,0.0,0.0,0.0,0.0,0.0,0.0,0.0,0.0,0.0,0.0,0.0,0.0,0.0,0.0,0.0,0.0,0.0,0.0,0.0,0.0,0.0,0.0,0.0,0.0,0.0,0.0,0.0,0.0,0.0,0.0,0.0,0.0,0.0,0.0,0.0,0.0
0.0,0.0,0.0,0.0,0.0,0.0,0.0,0.0,0.0,0.0,0.0,0.0,0.0,0.0,0.0,0.0,0.0,0.0,0.0,0.0,0.0,0.0,0.0,0.0,0.0,0.0,0.0,0.0,0.0,0.0,0.0,0.0,0.0,0.0,0.0,0.0,0.0,0.0,0.0,0.0
0.0,0.0,0.0,0.0,0.0,0.0,0.0,0.0,0.0,0.0,0.0,0.0,0.0,0.0,0.0,0.0,0.0,0.0,0.0,1.0,0.0,0.0,0.0,0.0,0.0,0.0,0.0,0.0,0.0,0.0,0.0,0.0,0.0,0.0,0.0,0.0,0.0,0.0,0.0,0.0
0.0,0.0,0.0,0.0,0.0,0.0,0.0,0.0,0.0,0.0,0.0,0.0,0.0,0.0,0.0,1.0,1.0,1.0,2.0,4.0,0.0,0.0,0.0,0.0,0.0,0.0,0.0,0.0,0.0,0.0,0.0,0.0,0.0,0.0,0.0,0.0,0.0,0.0,0.0,0.0
0.0,0.0,0.0,0.0,0.0,0.0,0.0,0.0,0.0,0.0,0.0,0.0,0.0,0.0,1.0,2.0,1.0,2.0,6.0,9.0,0.0,0.0,0.0,0.0,0.0,0.0,0.0,0.0,0.0,0.0,0.0,0.0,0.0,0.0,0.0,0.0,0.0,0.0,0.0,0.0
0.0,0.0,0.0,0.0,0.0,0.0,0.0,0.0,0.0,0.0,0.0,1.0,1.0,0.0,1.0,1.0,2.0,6.0,12.0,14.0,0.0,0.0,0.0,0.0,0.0,0.0,0.0,0.0,0.0,0.0,0.0,0.0,0.0,0.0,0.0,0.0,0.0,0.0,0.0,0.0
0.0,0.0,0.0,0.0,0.0,0.0,0.0,0.0,0.0,0.0,0.0,1.0,1.0,0.0,1.0,4.0,6.0,11.0,15.0,20.0,0.0,0.0,0.0,0.0,0.0,0.0,0.0,0.0,0.0,0.0,0.0,0.0,0.0,0.0,0.0,0.0,0.0,0.0,0.0,0.0
0.0,0.0,0.0,0.0,0.0,0.0,0.0,0.0,0.0,0.0,0.0,1.0,1.0,0.0,2.0,5.0,9.0,15.0,20.0,21.0,0.0,0.0,0.0,0.0,0.0,0.0,0.0,0.0,0.0,0.0,0.0,0.0,0.0,0.0,0.0,0.0,0.0,0.0,0.0,0.0
0.0,0.0,0.0,0.0,0.0,0.0,0.0,0.0,0.0,0.0,0.0,0.0,0.0,0.0,3.0,4.0,7.0,11.0,14.0,17.0,0.0,0.0,0.0,0.0,0.0,0.0,0.0,0.0,0.0,0.0,0.0,0.0,0.0,0.0,0.0,0.0,0.0,0.0,0.0,0.0
0.0,0.0,0.0,0.0,0.0,0.0,0.0,0.0,0.0,0.0,0.0,0.0,2.0,4.0,8.0,6.0,9.0,15.0,18.0,15.0,0.0,0.0,0.0,0.0,0.0,0.0,0.0,0.0,0.0,0.0,0.0,0.0,0.0,0.0,0.0,0.0,0.0,0.0,0.0,0.0
0.0,0.0,0.0,0.0,0.0,0.0,0.0,0.0,0.0,1.0,2.0,3.0,4.0,8.0,12.0,16.0,19.0,19.0,19.0,17.0,0.0,0.0,0.0,0.0,0.0,0.0,0.0,0.0,0.0,0.0,0.0,0.0,0.0,0.0,0.0,0.0,0.0,0.0,0.0,0.0
0.0,0.0,0.0,0.0,0.0,0.0,0.0,0.0,0.0,1.0,2.0,3.0,5.0,12.0,22.0,27.0,24.0,20.0,20.0,38.0,0.0,0.0,0.0,0.0,0.0,0.0,0.0,0.0,0.0,0.0,0.0,0.0,0.0,0.0,0.0,0.0,0.0,0.0,0.0,0.0
0.0,0.0,0.0,0.0,0.0,0.0,0.0,0.0,2.0,5.0,8.0,9.0,7.0,14.0,24.0,27.0,21.0,15.0,36.0,66.0,0.0,0.0,0.0,0.0,0.0,0.0,0.0,0.0,0.0,0.0,0.0,0.0,0.0,0.0,0.0,0.0,0.0,0.0,0.0,0.0
0.0,0.0,0.0,0.0,0.0,0.0,0.0,0.0,0.0,0.0,0.0,0.0,0.0,0.0,0.0,0.0,0.0,0.0,0.0,0.0,0.0,0.0,0.0,0.0,0.0,0.0,0.0,0.0,0.0,0.0,0.0,0.0,0.0,0.0,0.0,0.0,0.0,0.0,0.0,0.0
0.0,0.0,0.0,0.0,0.0,0.0,0.0,0.0,0.0,0.0,0.0,0.0,0.0,0.0,0.0,0.0,0.0,0.0,0.0,0.0,0.0,0.0,0.0,0.0,0.0,0.0,0.0,0.0,0.0,0.0,0.0,0.0,0.0,0.0,0.0,0.0,0.0,0.0,0.0,0.0
0.0,0.0,0.0,0.0,0.0,0.0,0.0,0.0,0.0,0.0,0.0,0.0,0.0,0.0,0.0,0.0,0.0,0.0,0.0,0.0,0.0,0.0,0.0,0.0,0.0,0.0,0.0,0.0,0.0,0.0,0.0,0.0,0.0,0.0,0.0,0.0,0.0,0.0,0.0,0.0
0.0,0.0,0.0,0.0,0.0,0.0,0.0,0.0,0.0,0.0,0.0,0.0,0.0,0.0,0.0,0.0,0.0,0.0,0.0,0.0,0.0,0.0,0.0,0.0,0.0,0.0,0.0,0.0,0.0,0.0,0.0,0.0,0.0,0.0,0.0,0.0,0.0,0.0,0.0,0.0
0.0,0.0,0.0,0.0,0.0,0.0,0.0,0.0,0.0,0.0,0.0,0.0,0.0,0.0,0.0,0.0,0.0,0.0,0.0,0.0,0.0,0.0,0.0,0.0,0.0,0.0,0.0,0.0,0.0,0.0,0.0,0.0,0.0,0.0,0.0,0.0,0.0,0.0,0.0,0.0
0.0,0.0,0.0,0.0,0.0,0.0,0.0,0.0,0.0,0.0,0.0,0.0,0.0,0.0,0.0,0.0,0.0,0.0,0.0,0.0,0.0,0.0,0.0,0.0,0.0,0.0,0.0,0.0,0.0,0.0,0.0,0.0,0.0,0.0,0.0,0.0,0.0,0.0,0.0,0.0
0.0,0.0,0.0,0.0,0.0,0.0,0.0,0.0,0.0,0.0,0.0,0.0,0.0,0.0,0.0,0.0,0.0,0.0,0.0,0.0,0.0,0.0,0.0,0.0,0.0,0.0,0.0,0.0,0.0,0.0,0.0,0.0,0.0,0.0,0.0,0.0,0.0,0.0,0.0,0.0
0.0,0.0,0.0,0.0,0.0,0.0,0.0,0.0,0.0,0.0,0.0,0.0,0.0,0.0,0.0,0.0,0.0,0.0,0.0,0.0,0.0,0.0,0.0,0.0,0.0,0.0,0.0,0.0,0.0,0.0,0.0,0.0,0.0,0.0,0.0,0.0,0.0,0.0,0.0,0.0
0.0,0.0,0.0,0.0,0.0,0.0,0.0,0.0,0.0,0.0,0.0,0.0,0.0,0.0,0.0,0.0,0.0,0.0,0.0,0.0,0.0,0.0,0.0,0.0,0.0,0.0,0.0,0.0,0.0,0.0,0.0,0.0,0.0,0.0,0.0,0.0,0.0,0.0,0.0,0.0
0.0,0.0,0.0,0.0,0.0,0.0,0.0,0.0,0.0,0.0,0.0,0.0,0.0,0.0,0.0,0.0,0.0,0.0,0.0,0.0,0.0,0.0,0.0,0.0,0.0,0.0,0.0,0.0,0.0,0.0,0.0,0.0,0.0,0.0,0.0,0.0,0.0,0.0,0.0,0.0
0.0,0.0,0.0,0.0,0.0,0.0,0.0,0.0,0.0,0.0,0.0,0.0,0.0,0.0,0.0,0.0,0.0,0.0,0.0,0.0,0.0,0.0,0.0,0.0,0.0,0.0,0.0,0.0,0.0,0.0,0.0,0.0,0.0,0.0,0.0,0.0,0.0,0.0,0.0,0.0
0.0,0.0,0.0,0.0,0.0,0.0,0.0,0.0,0.0,0.0,0.0,0.0,0.0,0.0,0.0,0.0,0.0,0.0,0.0,0.0,0.0,0.0,0.0,0.0,0.0,0.0,0.0,0.0,0.0,0.0,0.0,0.0,0.0,0.0,0.0,0.0,0.0,0.0,0.0,0.0
0.0,0.0,0.0,0.0,0.0,0.0,0.0,0.0,0.0,0.0,0.0,0.0,0.0,0.0,0.0,0.0,0.0,0.0,0.0,0.0,0.0,0.0,0.0,0.0,0.0,0.0,0.0,0.0,0.0,0.0,0.0,0.0,0.0,0.0,0.0,0.0,0.0,0.0,0.0,0.0
0.0,0.0,0.0,0.0,0.0,0.0,0.0,0.0,0.0,0.0,0.0,0.0,0.0,0.0,0.0,0.0,0.0,0.0,0.0,0.0,0.0,0.0,0.0,0.0,0.0,0.0,0.0,0.0,0.0,0.0,0.0,0.0,0.0,0.0,0.0,0.0,0.0,0.0,0.0,0.0
0.0,0.0,0.0,0.0,0.0,0.0,0.0,0.0,0.0,0.0,0.0,0.0,0.0,0.0,0.0,0.0,0.0,0.0,0.0,0.0,0.0,0.0,0.0,0.0,0.0,0.0,0.0,0.0,0.0,0.0,0.0,0.0,0.0,0.0,0.0,0.0,0.0,0.0,0.0,0.0
0.0,0.0,0.0,0.0,0.0,0.0,0.0,0.0,0.0,0.0,0.0,0.0,0.0,0.0,0.0,0.0,0.0,0.0,0.0,0.0,0.0,0.0,0.0,0.0,0.0,0.0,0.0,0.0,0.0,0.0,0.0,0.0,0.0,0.0,0.0,0.0,0.0,0.0,0.0,0.0
0.0,0.0,0.0,0.0,0.0,0.0,0.0,0.0,0.0,0.0,0.0,0.0,0.0,0.0,0.0,0.0,0.0,0.0,0.0,0.0,0.0,0.0,0.0,0.0,0.0,0.0,0.0,0.0,0.0,0.0,0.0,0.0,0.0,0.0,0.0,0.0,0.0,0.0,0.0,0.0
0.0,0.0,0.0,0.0,0.0,0.0,0.0,0.0,0.0,0.0,0.0,0.0,0.0,0.0,0.0,0.0,0.0,0.0,0.0,0.0,0.0,0.0,0.0,0.0,0.0,0.0,0.0,0.0,0.0,0.0,0.0,0.0,0.0,0.0,0.0,0.0,0.0,0.0,0.0,0.0
0.0,0.0,0.0,0.0,0.0,0.0,0.0,0.0,0.0,0.0,0.0,0.0,0.0,0.0,0.0,0.0,0.0,0.0,0.0,0.0,0.0,0.0,0.0,0.0,0.0,0.0,0.0,0.0,0.0,0.0,0.0,0.0,0.0,0.0,0.0,0.0,0.0,0.0,0.0,0.0
0.0,0.0,0.0,0.0,0.0,0.0,0.0,0.0,0.0,0.0,0.0,0.0,0.0,0.0,0.0,0.0,0.0,0.0,0.0,0.0,0.0,0.0,0.0,0.0,0.0,0.0,0.0,0.0,0.0,0.0,0.0,0.0,0.0,0.0,0.0,0.0,0.0,0.0,0.0,0.0
h=chr11:76138879-76140879	v=chr2:63327429-63329429	resolution=50	axis=0,1
0.0,0.0,0.0,0.0,0.0,0.0,0.0,0.0,0.0,0.0,0.0,0.0,0.0,0.0,0.0,0.0,0.0,0.0,0.0,0.0,0.0,0.0,0.0,0.0,0.0,0.0,0.0,0.0,0.0,0.0,0.0,0.0,0.0,0.0,0.0,0.0,0.0,0.0,0.0,0.0
0.0,0.0,0.0,0.0,0.0,0.0,0.0,0.0,0.0,0.0,0.0,0.0,0.0,0.0,0.0,0.0,0.0,0.0,0.0,0.0,0.0,0.0,0.0,0.0,0.0,0.0,0.0,0.0,0.0,0.0,0.0,0.0,0.0,0.0,0.0,0.0,0.0,0.0,0.0,0.0
0.0,0.0,0.0,0.0,0.0,0.0,0.0,0.0,0.0,0.0,0.0,0.0,0.0,0.0,0.0,0.0,0.0,0.0,0.0,0.0,0.0,0.0,0.0,0.0,0.0,0.0,0.0,0.0,0.0,0.0,0.0,0.0,0.0,0.0,0.0,0.0,0.0,0.0,0.0,0.0
0.0,0.0,0.0,0.0,0.0,0.0,0.0,0.0,0.0,0.0,0.0,0.0,0.0,0.0,0.0,0.0,0.0,0.0,0.0,0.0,0.0,0.0,0.0,0.0,0.0,0.0,0.0,0.0,0.0,0.0,0.0,0.0,0.0,0.0,0.0,0.0,0.0,0.0,0.0,0.0
0.0,0.0,0.0,0.0,0.0,0.0,0.0,0.0,0.0,0.0,0.0,0.0,0.0,0.0,0.0,0.0,0.0,0.0,0.0,0.0,0.0,0.0,0.0,0.0,0.0,0.0,0.0,0.0,0.0,0.0,0.0,0.0,0.0,0.0,0.0,0.0,0.0,0.0,0.0,0.0
0.0,0.0,0.0,0.0,0.0,0.0,0.0,0.0,0.0,0.0,0.0,0.0,0.0,0.0,0.0,0.0,0.0,0.0,0.0,0.0,0.0,0.0,0.0,0.0,0.0,0.0,0.0,0.0,0.0,0.0,0.0,0.0,0.0,0.0,0.0,0.0,0.0,0.0,0.0,0.0
0.0,0.0,0.0,0.0,0.0,0.0,0.0,0.0,0.0,0.0,0.0,0.0,0.0,0.0,0.0,0.0,0.0,0.0,0.0,0.0,0.0,0.0,0.0,0.0,0.0,0.0,0.0,0.0,0.0,0.0,0.0,0.0,0.0,0.0,0.0,0.0,0.0,0.0,0.0,0.0
0.0,0.0,0.0,0.0,0.0,0.0,0.0,0.0,0.0,0.0,0.0,0.0,0.0,0.0,0.0,0.0,0.0,0.0,0.0,0.0,0.0,0.0,0.0,0.0,0.0,0.0,0.0,0.0,0.0,0.0,0.0,0.0,0.0,0.0,0.0,0.0,0.0,0.0,0.0,0.0
0.0,0.0,0.0,0.0,0.0,0.0,0.0,0.0,0.0,0.0,0.0,0.0,0.0,0.0,0.0,0.0,0.0,0.0,0.0,2.0,0.0,0.0,0.0,0.0,0.0,0.0,0.0,0.0,0.0,0.0,0.0,0.0,0.0,0.0,0.0,0.0,0.0,0.0,0.0,0.0
0.0,0.0,0.0,0.0,0.0,0.0,0.0,0.0,0.0,0.0,0.0,0.0,0.0,0.0,0.0,0.0,0.0,1.0,1.0,5.0,0.0,0.0,0.0,0.0,0.0,0.0,0.0,0.0,0.0,0.0,0.0,0.0,0.0,0.0,0.0,0.0,0.0,0.0,0.0,0.0
0.0,0.0,0.0,0.0,0.0,0.0,0.0,0.0,0.0,0.0,0.0,0.0,0.0,0.0,0.0,0.0,0.0,2.0,2.0,8.0,0.0,0.0,0.0,0.0,0.0,0.0,0.0,0.0,0.0,0.0,0.0,0.0,0.0,0.0,0.0,0.0,0.0,0.0,0.0,0.0
0.0,0.0,0.0,0.0,0.0,0.0,0.0,0.0,0.0,0.0,0.0,0.0,1.0,1.0,1.0,0.0,0.0,3.0,3.0,9.0,0.0,0.0,0.0,0.0,0.0,0.0,0.0,0.0,0.0,0.0,0.0,0.0,0.0,0.0,0.0,0.0,0.0,0.0,0.0,0.0
0.0,0.0,0.0,0.0,0.0,0.0,0.0,0.0,0.0,0.0,0.0,0.0,1.0,1.0,1.0,0.0,2.0,4.0,5.0,7.0,0.0,0.0,0.0,0.0,0.0,0.0,0.0,0.0,0.0,0.0,0.0,0.0,0.0,0.0,0.0,0.0,0.0,0.0,0.0,0.0
0.0,0.0,0.0,0.0,0.0,0.0,0.0,0.0,0.0,0.0,0.0,0.0,0.0,0.0,0.0,0.0,4.0,8.0,12.0,14.0,0.0,0.0,0.0,0.0,0.0,0.0,0.0,0.0,0.0,0.0,0.0,0.0,0.0,0.0,0.0,0.0,0.0,0.0,0.0,0.0
0.0,0.0,0.0,0.0,0.0,0.0,0.0,0.0,0.0,0.0,0.0,1.0,1.0,1.0,2.0,3.0,8.0,12.0,22.0,24.0,0.0,0.0,0.0,0.0,0.0,0.0,0.0,0.0,0.0,0.0,0.0,0.0,0.0,0.0,0.0,0.0,0.0,0.0,0.0,0.0
0.0,0.0,0.0,0.0,0.0,0.0,0.0,0.0,0.0,0.0,1.0,2.0,1.0,4.0,5.0,4.0,6.0,16.0,27.0,27.0,0.0,0.0,0.0,0.0,0.0,0.0,0.0,0.0,0.0,0.0,0.0,0.0,0.0,0.0,0.0,0.0,0.0,0.0,0.0,0.0
0.0,0.0,0.0,0.0,0.0,0.0,0.0,0.0,0.0,0.0,1.0,1.0,2.0,6.0,9.0,7.0,9.0,19.0,24.0,21.0,0.0,0.0,0.0,0.0,0.0,0.0,0.0,0.0,0.0,0.0,0.0,0.0,0.0,0.0,0.0,0.0,0.0,0.0,0.0,0.0
0.0,0.0,0.0,0.0,0.0,0.0,0.0,0.0,0.0,0.0,1.0,2.0,6.0,11.0,15.0,11.0,15.0,19.0,20.0,15.0,0.0,0.0,0.0,0.0,0.0,0.0,0.0,0.0,0.0,0.0,0.0,0.0,0.0,0.0,0.0,0.0,0.0,0.0,0.0,0.0
0.0,0.0,0.0,0.0,0.0,0.0,0.0,0.0,0.0,0.0,2.0,6.0,12.0,15.0,20.0,14.0,18.0,19.0,20.0,36.0,0.0,0.0,0.0,0.0,0.0,0.0,0.0,0.0,0.0,0.0,0.0,0.0,0.0,0.0,0.0,0.0,0.0,0.0,0.0,0.0
0.0,0.0,0.0,0.0,0.0,0.0,0.0,0.0,0.0,1.0,4.0,9.0,14.0,20.0,21.0,17.0,15.0,17.0,38.0,66.0,0.0,0.0,0.0,0.0,0.0,0.0,0.0,0.0,0.0,0.0,0.0,0.0,0.0,0.0,0.0,0.0,0.0,0.0,0.0,0.0
0.0,0.0,0.0,0.0,0.0,0.0,0.0,0.0,0.0,0.0,0.0,0.0,0.0,0.0,0.0,0.0,0.0,0.0,0.0,0.0,0.0,0.0,0.0,0.0,0.0,0.0,0.0,0.0,0.0,0.0,0.0,0.0,0.0,0.0,0.0,0.0,0.0,0.0,0.0,0.0
0.0,0.0,0.0,0.0,0.0,0.0,0.0,0.0,0.0,0.0,0.0,0.0,0.0,0.0,0.0,0.0,0.0,0.0,0.0,0.0,0.0,0.0,0.0,0.0,0.0,0.0,0.0,0.0,0.0,0.0,0.0,0.0,0.0,0.0,0.0,0.0,0.0,0.0,0.0,0.0
0.0,0.0,0.0,0.0,0.0,0.0,0.0,0.0,0.0,0.0,0.0,0.0,0.0,0.0,0.0,0.0,0.0,0.0,0.0,0.0,0.0,0.0,0.0,0.0,0.0,0.0,0.0,0.0,0.0,0.0,0.0,0.0,0.0,0.0,0.0,0.0,0.0,0.0,0.0,0.0
0.0,0.0,0.0,0.0,0.0,0.0,0.0,0.0,0.0,0.0,0.0,0.0,0.0,0.0,0.0,0.0,0.0,0.0,0.0,0.0,0.0,0.0,0.0,0.0,0.0,0.0,0.0,0.0,0.0,0.0,0.0,0.0,0.0,0.0,0.0,0.0,0.0,0.0,0.0,0.0
0.0,0.0,0.0,0.0,0.0,0.0,0.0,0.0,0.0,0.0,0.0,0.0,0.0,0.0,0.0,0.0,0.0,0.0,0.0,0.0,0.0,0.0,0.0,0.0,0.0,0.0,0.0,0.0,0.0,0.0,0.0,0.0,0.0,0.0,0.0,0.0,0.0,0.0,0.0,0.0
0.0,0.0,0.0,0.0,0.0,0.0,0.0,0.0,0.0,0.0,0.0,0.0,0.0,0.0,0.0,0.0,0.0,0.0,0.0,0.0,0.0,0.0,0.0,0.0,0.0,0.0,0.0,0.0,0.0,0.0,0.0,0.0,0.0,0.0,0.0,0.0,0.0,0.0,0.0,0.0
0.0,0.0,0.0,0.0,0.0,0.0,0.0,0.0,0.0,0.0,0.0,0.0,0.0,0.0,0.0,0.0,0.0,0.0,0.0,0.0,0.0,0.0,0.0,0.0,0.0,0.0,0.0,0.0,0.0,0.0,0.0,0.0,0.0,0.0,0.0,0.0,0.0,0.0,0.0,0.0
0.0,0.0,0.0,0.0,0.0,0.0,0.0,0.0,0.0,0.0,0.0,0.0,0.0,0.0,0.0,0.0,0.0,0.0,0.0,0.0,0.0,0.0,0.0,0.0,0.0,0.0,0.0,0.0,0.0,0.0,0.0,0.0,0.0,0.0,0.0,0.0,0.0,0.0,0.0,0.0
0.0,0.0,0.0,0.0,0.0,0.0,0.0,0.0,0.0,0.0,0.0,0.0,0.0,0.0,0.0,0.0,0.0,0.0,0.0,0.0,0.0,0.0,0.0,0.0,0.0,0.0,0.0,0.0,0.0,0.0,0.0,0.0,0.0,0.0,0.0,0.0,0.0,0.0,0.0,0.0
0.0,0.0,0.0,0.0,0.0,0.0,0.0,0.0,0.0,0.0,0.0,0.0,0.0,0.0,0.0,0.0,0.0,0.0,0.0,0.0,0.0,0.0,0.0,0.0,0.0,0.0,0.0,0.0,0.0,0.0,0.0,0.0,0.0,0.0,0.0,0.0,0.0,0.0,0.0,0.0
0.0,0.0,0.0,0.0,0.0,0.0,0.0,0.0,0.0,0.0,0.0,0.0,0.0,0.0,0.0,0.0,0.0,0.0,0.0,0.0,0.0,0.0,0.0,0.0,0.0,0.0,0.0,0.0,0.0,0.0,0.0,0.0,0.0,0.0,0.0,0.0,0.0,0.0,0.0,0.0
0.0,0.0,0.0,0.0,0.0,0.0,0.0,0.0,0.0,0.0,0.0,0.0,0.0,0.0,0.0,0.0,0.0,0.0,0.0,0.0,0.0,0.0,0.0,0.0,0.0,0.0,0.0,0.0,0.0,0.0,0.0,0.0,0.0,0.0,0.0,0.0,0.0,0.0,0.0,0.0
0.0,0.0,0.0,0.0,0.0,0.0,0.0,0.0,0.0,0.0,0.0,0.0,0.0,0.0,0.0,0.0,0.0,0.0,0.0,0.0,0.0,0.0,0.0,0.0,0.0,0.0,0.0,0.0,0.0,0.0,0.0,0.0,0.0,0.0,0.0,0.0,0.0,0.0,0.0,0.0
0.0,0.0,0.0,0.0,0.0,0.0,0.0,0.0,0.0,0.0,0.0,0.0,0.0,0.0,0.0,0.0,0.0,0.0,0.0,0.0,0.0,0.0,0.0,0.0,0.0,0.0,0.0,0.0,0.0,0.0,0.0,0.0,0.0,0.0,0.0,0.0,0.0,0.0,0.0,0.0
0.0,0.0,0.0,0.0,0.0,0.0,0.0,0.0,0.0,0.0,0.0,0.0,0.0,0.0,0.0,0.0,0.0,0.0,0.0,0.0,0.0,0.0,0.0,0.0,0.0,0.0,0.0,0.0,0.0,0.0,0.0,0.0,0.0,0.0,0.0,0.0,0.0,0.0,0.0,0.0
0.0,0.0,0.0,0.0,0.0,0.0,0.0,0.0,0.0,0.0,0.0,0.0,0.0,0.0,0.0,0.0,0.0,0.0,0.0,0.0,0.0,0.0,0.0,0.0,0.0,0.0,0.0,0.0,0.0,0.0,0.0,0.0,0.0,0.0,0.0,0.0,0.0,0.0,0.0,0.0
0.0,0.0,0.0,0.0,0.0,0.0,0.0,0.0,0.0,0.0,0.0,0.0,0.0,0.0,0.0,0.0,0.0,0.0,0.0,0.0,0.0,0.0,0.0,0.0,0.0,0.0,0.0,0.0,0.0,0.0,0.0,0.0,0.0,0.0,0.0,0.0,0.0,0.0,0.0,0.0
0.0,0.0,0.0,0.0,0.0,0.0,0.0,0.0,0.0,0.0,0.0,0.0,0.0,0.0,0.0,0.0,0.0,0.0,0.0,0.0,0.0,0.0,0.0,0.0,0.0,0.0,0.0,0.0,0.0,0.0,0.0,0.0,0.0,0.0,0.0,0.0,0.0,0.0,0.0,0.0
0.0,0.0,0.0,0.0,0.0,0.0,0.0,0.0,0.0,0.0,0.0,0.0,0.0,0.0,0.0,0.0,0.0,0.0,0.0,0.0,0.0,0.0,0.0,0.0,0.0,0.0,0.0,0.0,0.0,0.0,0.0,0.0,0.0,0.0,0.0,0.0,0.0,0.0,0.0,0.0
0.0,0.0,0.0,0.0,0.0,0.0,0.0,0.0,0.0,0.0,0.0,0.0,0.0,0.0,0.0,0.0,0.0,0.0,0.0,0.0,0.0,0.0,0.0,0.0,0.0,0.0,0.0,0.0,0.0,0.0,0.0,0.0,0.0,0.0,0.0,0.0,0.0,0.0,0.0,0.0
h=chr11:76138879-76140879	v=chr11:76138879-76140879	resolution=50	axis=1,1
231.0,164.0,89.0,35.0,48.0,59.0,63.0,36.0,22.0,9.0,8.0,3.0,3.0,1.0,0.0,1.0,1.0,0.0,0.0,0.0,0.0,0.0,0.0,0.0,0.0,0.0,0.0,0.0,0.0,0.0,0.0,0.0,0.0,0.0,0.0,0.0,0.0,0.0,0.0,0.0
164.0,258.0,174.0,74.0,38.0,42.0,58.0,39.0,31.0,20.0,13.0,8.0,5.0,1.0,1.0,1.0,1.0,0.0,0.0,0.0,0.0,0.0,0.0,0.0,0.0,0.0,0.0,0.0,0.0,0.0,0.0,0.0,0.0,0.0,0.0,0.0,0.0,0.0,0.0,0.0
89.0,174.0,262.0,151.0,85.0,38.0,61.0,51.0,42.0,25.0,20.0,10.0,7.0,3.0,2.0,1.0,0.0,0.0,0.0,0.0,0.0,0.0,0.0,0.0,0.0,0.0,0.0,0.0,0.0,0.0,0.0,0.0,0.0,0.0,0.0,0.0,0.0,0.0,0.0,0.0
35.0,74.0,151.0,233.0,153.0,74.0,38.0,41.0,43.0,34.0,31.0,18.0,15.0,14.0,11.0,2.0,2.0,2.0,1.0,0.0,0.0,0.0,0.0,0.0,0.0,0.0,0.0,0.0,0.0,0.0,0.0,0.0,0.0,0.0,0.0,0.0,0.0,0.0,0.0,0.0
48.0,38.0,85.0,153.0,256.0,171.0,107.0,26.0,36.0,43.0,51.0,32.0,23.0,17.0,13.0,6.0,6.0,4.0,1.0,0.0,0.0,0.0,0.0,0.0,0.0,0.0,0.0,0.0,0.0,0.0,0.0,0.0,0.0,0.0,0.0,0.0,0.0,0.0,0.0,0.0
59.0,42.0,38.0,74.0,171.0,253.0,182.0,54.0,28.0,42.0,53.0,40.0,26.0,23.0,18.0,11.0,6.0,4.0,1.0,1.0,1.0,1.0,0.0,0.0,0.0,0.0,0.0,0.0,0.0,0.0,0.0,0.0,0.0,0.0,0.0,0.0,0.0,0.0,0.0,0.0
63.0,58.0,61.0,38.0,107.0,182.0,278.0,144.0,87.0,34.0,48.0,40.0,31.0,23.0,19.0,14.0,10.0,8.0,4.0,1.0,2.0,2.0,1.0,0.0,0.0,0.0,0.0,0.0,0.0,0.0,0.0,0.0,0.0,0.0,0.0,0.0,0.0,0.0,0.0,0.0
36.0,39.0,51.0,41.0,26.0,54.0,144.0,179.0,111.0,30.0,20.0,15.0,20.0,22.0,23.0,14.0,8.0,8.0,6.0,1.0,2.0,2.0,1.0,0.0,0.0,0.0,0.0,0.0,0.0,0.0,0.0,0.0,0.0,0.0,0.0,0.0,0.0,0.0,0.0,0.0
22.0,31.0,42.0,43.0,36.0,28.0,87.0,111.0,205.0,117.0,94.0,17.0,27.0,32.0,37.0,32.0,31.0,22.0,16.0,10.0,4.0,3.0,1.0,0.0,0.0,0.0,0.0,0.0,0.0,0.0,0.0,0.0,0.0,0.0,0.0,0.0,0.0,0.0,0.0,0.0
9.0,20.0,25.0,34.0,43.0,42.0,34.0,30.0,117.0,196.0,166.0,71.0,17.0,31.0,40.0,40.0,31.0,23.0,21.0,18.0,8.0,5.0,3.0,1.0,2.0,1.0,2.0,1.0,1.0,0.0,0.0,0.0,0.0,0.0,0.0,0.0,0.0,0.0,0.0,0.0
8.0,13.0,20.0,31.0,51.0,53.0,48.0,20.0,94.0,166.0,234.0,136.0,70.0,32.0,35.0,35.0,33.0,36.0,32.0,37.0,17.0,14.0,5.0,3.0,5.0,2.0,3.0,1.0,1.0,0.0,0.0,0.0,0.0,0.0,0.0,0.0,0.0,0.0,0.0,0.0
3.0,8.0,10.0,18.0,32.0,40.0,40.0,15.0,17.0,71.0,136.0,214.0,140.0,72.0,21.0,25.0,26.0,50.0,54.0,60.0,23.0,18.0,5.0,6.0,6.0,3.0,3.0,1.0,1.0,0.0,0.0,0.0,0.0,0.0,0.0,0.0,0.0,0.0,0.0,0.0
3.0,5.0,7.0,15.0,23.0,26.0,31.0,20.0,27.0,17.0,70.0,140.0,212.0,137.0,62.0,18.0,27.0,59.0,60.0,68.0,26.0,20.0,10.0,9.0,5.0,2.0,0.0,0.0,0.0,0.0,0.0,0.0,0.0,0.0,0.0,0.0,0.0,0.0,0.0,0.0
1.0,1.0,3.0,14.0,17.0,23.0,23.0,22.0,32.0,31.0,32.0,72.0,137.0,220.0,137.0,65.0,22.0,53.0,63.0,73.0,31.0,22.0,10.0,10.0,6.0,4.0,1.0,2.0,1.0,0.0,0.0,0.0,0.0,0.0,0.0,0.0,0.0,0.0,0.0,0.0
0.0,1.0,2.0,11.0,13.0,18.0,19.0,23.0,37.0,40.0,35.0,21.0,62.0,137.0,237.0,150.0,74.0,39.0,60.0,73.0,31.0,28.0,23.0,18.0,11.0,6.0,4.0,2.0,1.0,0.0,0.0,0.0,0.0,0.0,0.0,0.0,0.0,0.0,0.0,0.0
1.0,1.0,1.0,2.0,6.0,11.0,14.0,14.0,32.0,40.0,35.0,25.0,18.0,65.0,150.0,224.0,141.0,61.0,39.0,62.0,32.0,38.0,29.0,21.0,13.0,5.0,4.0,2.0,1.0,0.0,0.0,0.0,0.0,0.0,0.0,0.0,0.0,0.0,0.0,0.0
1.0,1.0,0.0,2.0,6.0,6.0,10.0,8.0,31.0,31.0,33.0,26.0,27.0,22.0,74.0,141.0,216.0,123.0,74.0,46.0,36.0,46.0,37.0,19.0,16.0,9.0,7.0,2.0,1.0,0.0,0.0,0.0,0.0,0.0,0.0,0.0,0.0,0.0,0.0,0.0
0.0,0.0,0.0,2.0,4.0,4.0,8.0,8.0,22.0,23.0,36.0,50.0,59.0,53.0,39.0,61.0,123.0,237.0,173.0,116.0,22.0,30.0,25.0,14.0,18.0,12.0,13.0,8.0,3.0,0.0,0.0,0.0,1.0,2.0,2.0,2.0,0.0,0.0,0.0,0.0
0.0,0.0,0.0,1.0,1.0,1.0,4.0,6.0,16.0,21.0,32.0,54.0,60.0,63.0,60.0,39.0,74.0,173.0,276.0,209.0,61.0,31.0,27.0,26.0,29.0,23.0,19.0,14.0,5.0,0.0,0.0,0.0,1.0,2.0,2.0,2.0,0.0,0.0,0.0,0.0
0.0,0.0,0.0,0.0,0.0,1.0,1.0,1.0,10.0,18.0,37.0,60.0,68.0,73.0,73.0,62.0,46.0,116.0,209.0,314.0,123.0,73.0,18.0,31.0,35.0,31.0,29.0,15.0,10.0,6.0,6.0,0.0,2.0,4.0,4.0,2.0,0.0,0.0,0.0,0.0
0.0,0.0,0.0,0.0,0.0,1.0,2.0,2.0,4.0,8.0,17.0,23.0,26.0,31.0,31.0,32.0,36.0,22.0,61.0,123.0,179.0,120.0,51.0,23.0,32.0,36.0,34.0,21.0,16.0,11.0,7.0,1.0,2.0,3.0,3.0,0.0,0.0,0.0,0.0,0.0
0.0,0.0,0.0,0.0,0.0,1.0,2.0,2.0,3.0,5.0,14.0,18.0,20.0,22.0,28.0,38.0,46.0,30.0,31.0,73.0,120.0,187.0,108.0,53.0,21.0,33.0,42.0,35.0,27.0,22.0,11.0,8.0,6.0,7.0,5.0,1.0,0.0,0.0,0.0,0.0
0.0,0.0,0.0,0.0,0.0,0.0,1.0,1.0,1.0,3.0,5.0,5.0,10.0,10.0,23.0,29.0,37.0,25.0,27.0,18.0,51.0,108.0,149.0,90.0,39.0,20.0,30.0,33.0,30.0,26.0,13.0,11.0,6.0,8.0,6.0,4.0,1.0,0.0,0.0,0.0
0.0,0.0,0.0,0.0,0.0,0.0,0.0,0.0,0.0,1.0,3.0,6.0,9.0,10.0,18.0,21.0,19.0,14.0,26.0,31.0,23.0,53.0,90.0,125.0,70.0,39.0,22.0,18.0,19.0,19.0,15.0,15.0,10.0,11.0,10.0,6.0,3.0,0.0,0.0,0.0
0.0,0.0,0.0,0.0,0.0,0.0,0.0,0.0,0.0,2.0,5.0,6.0,5.0,6.0,11.0,13.0,16.0,18.0,29.0,35.0,32.0,21.0,39.0,70.0,139.0,102.0,58.0,9.0,20.0,23.0,25.0,24.0,17.0,11.0,11.0,7.0,3.0,0.0,0.0,0.0
0.0,0.0,0.0,0.0,0.0,0.0,0.0,0.0,0.0,1.0,2.0,3.0,2.0,4.0,6.0,5.0,9.0,12.0,23.0,31.0,36.0,33.0,20.0,39.0,102.0,149.0,104.0,38.0,17.0,27.0,37.0,40.0,25.0,15.0,12.0,9.0,4.0,0.0,0.0,0.0
0.0,0.0,0.0,0.0,0.0,0.0,0.0,0.0,0.0,2.0,3.0,3.0,0.0,1.0,4.0,4.0,7.0,13.0,19.0,29.0,34.0,42.0,30.0,22.0,58.0,104.0,157.0,89.0,51.0,25.0,42.0,45.0,27.0,11.0,5.0,8.0,4.0,2.0,0.0,0.0
0.0,0.0,0.0,0.0,0.0,0.0,0.0,0.0,0.0,1.0,1.0,1.0,0.0,2.0,2.0,2.0,2.0,8.0,14.0,15.0,21.0,35.0,33.0,18.0,9.0,38.0,89.0,130.0,79.0,35.0,26.0,38.0,32.0,20.0,13.0,12.0,9.0,5.0,1.0,0.0
0.0,0.0,0.0,0.0,0.0,0.0,0.0,0.0,0.0,1.0,1.0,1.0,0.0,1.0,1.0,1.0,1.0,3.0,5.0,10.0,16.0,27.0,30.0,19.0,20.0,17.0,51.0,79.0,126.0,78.0,45.0,20.0,23.0,24.0,19.0,14.0,10.0,10.0,5.0,4.0
0.0,0.0,0.0,0.0,0.0,0.0,0.0,0.0,0.0,0.0,0.0,0.0,0.0,0.0,0.0,0.0,0.0,0.0,0.0,6.0,11.0,22.0,26.0,19.0,23.0,27.0,25.0,35.0,78.0,129.0,88.0,46.0,15.0,25.0,26.0,26.0,21.0,16.0,10.0,5.0
0.0,0.0,0.0,0.0,0.0,0.0,0.0,0.0,0.0,0.0,0.0,0.0,0.0,0.0,0.0,0.0,0.0,0.0,0.0,6.0,7.0,11.0,13.0,15.0,25.0,37.0,42.0,26.0,45.0,88.0,152.0,107.0,59.0,21.0,30.0,37.0,38.0,32.0,20.0,8.0
0.0,0.0,0.0,0.0,0.0,0.0,0.0,0.0,0.0,0.0,0.0,0.0,0.0,0.0,0.0,0.0,0.0,0.0,0.0,0.0,1.0,8.0,11.0,15.0,24.0,40.0,45.0,38.0,20.0,46.0,107.0,178.0,122.0,65.0,38.0,49.0,52.0,37.0,23.0,13.0
0.0,0.0,0.0,0.0,0.0,0.0,0.0,0.0,0.0,0.0,0.0,0.0,0.0,0.0,0.0,0.0,0.0,1.0,1.0,2.0,2.0,6.0,6.0,10.0,17.0,25.0,27.0,32.0,23.0,15.0,59.0,122.0,178.0,113.0,68.0,43.0,50.0,52.0,34.0,27.0
0.0,0.0,0.0,0.0,0.0,0.0,0.0,0.0,0.0,0.0,0.0,0.0,0.0,0.0,0.0,0.0,0.0,2.0,2.0,4.0,3.0,7.0,8.0,11.0,11.0,15.0,11.0,20.0,24.0,25.0,21.0,65.0,113.0,178.0,126.0,72.0,34.0,42.0,38.0,39.0
0.0,0.0,0.0,0.0,0.0,0.0,0.0,0.0,0.0,0.0,0.0,0.0,0.0,0.0,0.0,0.0,0.0,2.0,2.0,4.0,3.0,5.0,6.0,10.0,11.0,12.0,5.0,13.0,19.0,26.0,30.0,38.0,68.0,126.0,183.0,120.0,61.0,32.0,36.0,44.0
0.0,0.0,0.0,0.0,0.0,0.0,0.0,0.0,0.0,0.0,0.0,0.0,0.0,0.0,0.0,0.0,0.0,2.0,2.0,2.0,0.0,1.0,4.0,6.0,7.0,9.0,8.0,12.0,14.0,26.0,37.0,49.0,43.0,72.0,120.0,173.0,109.0,58.0,19.0,31.0
0.0,0.0,0.0,0.0,0.0,0.0,0.0,0.0,0.0,0.0,0.0,0.0,0.0,0.0,0.0,0.0,0.0,0.0,0.0,0.0,0.0,0.0,1.0,3.0,3.0,4.0,4.0,9.0,10.0,21.0,38.0,52.0,50.0,34.0,61.0,109.0,162.0,108.0,48.0,18.0
0.0,0.0,0.0,0.0,0.0,0.0,0.0,0.0,0.0,0.0,0.0,0.0,0.0,0.0,0.0,0.0,0.0,0.0,0.0,0.0,0.0,0.0,0.0,0.0,0.0,0.0,2.0,5.0,10.0,16.0,32.0,37.0,52.0,42.0,32.0,58.0,108.0,180.0,115.0,66.0
0.0,0.0,0.0,0.0,0.0,0.0,0.0,0.0,0.0,0.0,0.0,0.0,0.0,0.0,0.0,0.0,0.0,0.0,0.0,0.0,0.0,0.0,0.0,0.0,0.0,0.0,0.0,1.0,5.0,10.0,20.0,23.0,34.0,38.0,36.0,19.0,48.0,115.0,160.0,107.0
0.0,0.0,0.0,0.0,0.0,0.0,0.0,0.0,0.0,0.0,0.0,0.0,0.0,0.0,0.0,0.0,0.0,0.0,0.0,0.0,0.0,0.0,0.0,0.0,0.0,0.0,0.0,0.0,4.0,5.0,8.0,13.0,27.0,39.0,44.0,31.0,18.0,66.0,107.0,148.0
#sv
chr3	106178797	-	chr11	31230228	+	.	0	0	10011507_1	99.0	.	BX=CCGGCAAGTAGGCTCC-1_1,AGCCGTGCACCAACCG-1_1,GATGAGGGTAAACCTC-1_2,GGGTCTGAGTGTCCAT-1_1,ACGCCAGCAATTAAGG-1_1,AGGCGAATCCTATTCA-1_1,CACCAAAAGGAAAGGT-1_1,CATGGCGGTCGTTGGC-1_2,TCGAATGTCCGTCTAC-1_1,GTCCAAAGTTAGAATG-1_2,ATCTCCGTCGACGAAG-1_3,CGATGGCAGGATGTCG-1_1,ATGGGAGCAGTGTAGG-1_5,GGACAGAAGTCTCGGC-1_1,TTCCATAAGCCCGTGT-1_1,TCAACGATCTGAGTAC-1_1,TTCTCCTCAGGGTCAA-1_1,CATATGGTCGTTATCT-1_1,CTGCTGTCAATCGCAT-1_1,CTTATACAGTACCTGT-1_1,AACGTTGGTAGCAAAT-1_1,ACGTATGGTCAAGCGA-1_1,AGGGAACCACACTAAC-1_1,AGCGTATTCTTTCCTC-1_2,TTCGCTGGTGGAAAGA-1_1,GCCGGATAGCTGCATT-1_1,TACTCGCGTGCACCAC-1_1,ACACCAACACAACGGA-1_3,GTGCAGCTCTATGGTG-1_1,GTACGTATCTGAAGCT-1_1,CATCGTCGTCCTGGAC-1_1,GTTCGAAGTACTAGGG-1_1,TGACTTTTCTATGGCA-1_1,GAGCTCGAGGAGCGAG-1_2;DISC_MAPQ=60;EVDNC=ASDIS;HOMSEQ=G;MAPQ=60;MATEID=10011507_2;MATENM=0;NM=1;NUMPARTS=2;SCTG=c_11_31213001_31238001_77C;SPAN=-1;SVTYPE=BND;TOOL=svaba;GENOTYPE=OC001B.bam(GT:0/0 AD:0 DP:25 GQ:6.9 PL:[0.0, 6.9, 75.9] SR:0 DR:0 LR:7.024 LO:0.0),OC001T.bam(GT:1/1 AD:50 DP:28 GQ:13.8 PL:[151.8, 13.8, 0.0] SR:23 DR:37 LR:-151.8 LO:151.8);ALT=[chr11:31230228[g;VARTYPE=BND:TRX-tt;JOINTYPE=tt
#heatmap	linkage_type=pair_end
h=chr3:106177797-106179797	v=chr3:106177797-106179797	resolution=50	axis=0,0
57.0,57.0,22.0,3.0,5.0,9.0,14.0,10.0,9.0,1.0,1.0,0.0,0.0,0.0,0.0,0.0,0.0,0.0,0.0,0.0,0.0,0.0,0.0,0.0,0.0,0.0,0.0,0.0,0.0,0.0,0.0,0.0,0.0,0.0,0.0,0.0,0.0,0.0,0.0,0.0
57.0,115.0,77.0,49.0,8.0,16.0,27.0,26.0,22.0,11.0,8.0,4.0,0.0,0.0,0.0,0.0,0.0,0.0,0.0,0.0,0.0,0.0,0.0,0.0,0.0,0.0,0.0,0.0,0.0,0.0,0.0,0.0,0.0,0.0,0.0,0.0,0.0,0.0,0.0,0.0
22.0,77.0,137.0,106.0,48.0,11.0,27.0,34.0,31.0,15.0,16.0,15.0,5.0,5.0,1.0,0.0,0.0,0.0,0.0,1.0,1.0,1.0,0.0,0.0,0.0,0.0,0.0,0.0,0.0,0.0,0.0,0.0,0.0,0.0,0.0,0.0,0.0,0.0,0.0,0.0
3.0,49.0,106.0,126.0,66.0,25.0,19.0,28.0,30.0,21.0,22.0,20.0,6.0,6.0,1.0,0.0,0.0,0.0,0.0,1.0,1.0,1.0,0.0,0.0,0.0,0.0,0.0,0.0,0.0,0.0,0.0,0.0,0.0,0.0,0.0,0.0,0.0,0.0,0.0,0.0
5.0,8.0,48.0,66.0,89.0,41.0,31.0,17.0,22.0,14.0,18.0,20.0,12.0,12.0,3.0,0.0,0.0,0.0,0.0,1.0,1.0,1.0,0.0,0.0,0.0,0.0,0.0,0.0,0.0,0.0,0.0,0.0,0.0,0.0,0.0,0.0,0.0,0.0,0.0,0.0
9.0,16.0,11.0,25.0,41.0,100.0,80.0,42.0,13.0,19.0,21.0,25.0,19.0,16.0,4.0,3.0,3.0,2.0,0.0,0.0,0.0,0.0,0.0,0.0,0.0,0.0,0.0,0.0,0.0,0.0,0.0,0.0,0.0,0.0,0.0,0.0,0.0,0.0,0.0,0.0
14.0,27.0,27.0,19.0,31.0,80.0,131.0,86.0,44.0,21.0,23.0,31.0,25.0,24.0,7.0,5.0,4.0,4.0,2.0,3.0,1.0,0.0,0.0,0.0,0.0,0.0,0.0,0.0,0.0,0.0,0.0,0.0,0.0,0.0,0.0,0.0,0.0,0.0,0.0,0.0
10.0,26.0,34.0,28.0,17.0,42.0,86.0,136.0,90.0,44.0,18.0,32.0,36.0,34.0,13.0,11.0,9.0,8.0,4.0,4.0,2.0,0.0,0.0,0.0,0.0,0.0,0.0,0.0,0.0,0.0,0.0,0.0,0.0,0.0,0.0,0.0,0.0,0.0,0.0,0.0
9.0,22.0,31.0,30.0,22.0,13.0,44.0,90.0,122.0,63.0,21.0,22.0,33.0,34.0,18.0,13.0,10.0,5.0,4.0,3.0,3.0,0.0,0.0,0.0,0.0,0.0,0.0,0.0,0.0,0.0,0.0,0.0,0.0,0.0,0.0,0.0,0.0,0.0,0.0,0.0
1.0,11.0,15.0,21.0,14.0,19.0,21.0,44.0,63.0,97.0,50.0,38.0,20.0,22.0,16.0,18.0,12.0,5.0,2.0,2.0,2.0,2.0,1.0,0.0,0.0,0.0,0.0,0.0,0.0,0.0,0.0,0.0,0.0,0.0,0.0,0.0,0.0,0.0,0.0,0.0
1.0,8.0,16.0,22.0,18.0,21.0,23.0,18.0,21.0,50.0,82.0,62.0,22.0,11.0,6.0,8.0,8.0,5.0,5.0,5.0,4.0,4.0,1.0,0.0,3.0,3.0,3.0,0.0,0.0,0.0,0.0,0.0,0.0,0.0,0.0,0.0,0.0,0.0,0.0,0.0
0.0,4.0,15.0,20.0,20.0,25.0,31.0,32.0,22.0,38.0,62.0,102.0,60.0,42.0,1.0,6.0,13.0,12.0,7.0,7.0,5.0,3.0,2.0,1.0,4.0,3.0,3.0,0.0,0.0,0.0,0.0,0.0,0.0,0.0,0.0,0.0,0.0,0.0,0.0,0.0
0.0,0.0,5.0,6.0,12.0,19.0,25.0,36.0,33.0,20.0,22.0,60.0,89.0,69.0,17.0,3.0,9.0,9.0,4.0,6.0,8.0,8.0,4.0,1.0,4.0,3.0,3.0,0.0,0.0,0.0,0.0,0.0,0.0,0.0,0.0,0.0,0.0,0.0,0.0,0.0
0.0,0.0,5.0,6.0,12.0,16.0,24.0,34.0,34.0,22.0,11.0,42.0,69.0,104.0,50.0,31.0,17.0,17.0,16.0,13.0,17.0,10.0,6.0,1.0,1.0,0.0,0.0,0.0,0.0,0.0,0.0,0.0,0.0,0.0,0.0,0.0,0.0,0.0,0.0,0.0
0.0,0.0,1.0,1.0,3.0,4.0,7.0,13.0,18.0,16.0,6.0,1.0,17.0,50.0,67.0,45.0,13.0,12.0,17.0,14.0,19.0,12.0,7.0,0.0,2.0,2.0,2.0,1.0,2.0,2.0,0.0,0.0,0.0,0.0,0.0,0.0,0.0,0.0,0.0,0.0
0.0,0.0,0.0,0.0,0.0,3.0,5.0,11.0,13.0,18.0,8.0,6.0,3.0,31.0,45.0,75.0,32.0,19.0,12.0,15.0,25.0,19.0,10.0,2.0,4.0,6.0,6.0,2.0,1.0,1.0,0.0,0.0,0.0,0.0,0.0,0.0,0.0,0.0,0.0,0.0
0.0,0.0,0.0,0.0,0.0,3.0,4.0,9.0,10.0,12.0,8.0,13.0,9.0,17.0,13.0,32.0,67.0,51.0,30.0,6.0,11.0,15.0,9.0,8.0,8.0,10.0,6.0,2.0,0.0,0.0,0.0,0.0,0.0,0.0,0.0,0.0,0.0,0.0,0.0,0.0
0.0,0.0,0.0,0.0,0.0,2.0,4.0,8.0,5.0,5.0,5.0,12.0,9.0,17.0,12.0,19.0,51.0,81.0,59.0,18.0,10.0,23.0,23.0,22.0,17.0,12.0,4.0,2.0,2.0,1.0,0.0,0.0,0.0,0.0,0.0,0.0,0.0,0.0,0.0,0.0
0.0,0.0,0.0,0.0,0.0,0.0,2.0,4.0,4.0,2.0,5.0,7.0,4.0,16.0,17.0,12.0,30.0,59.0,85.0,40.0,29.0,23.0,22.0,24.0,23.0,17.0,8.0,3.0,2.0,1.0,0.0,0.0,0.0,0.0,0.0,0.0,0.0,0.0,0.0,0.0
0.0,0.0,1.0,1.0,1.0,0.0,3.0,4.0,3.0,2.0,5.0,7.0,6.0,13.0,14.0,15.0,6.0,18.0,40.0,86.0,70.0,42.0,6.0,9.0,19.0,21.0,17.0,10.0,9.0,7.0,3.0,2.0,2.0,0.0,0.0,0.0,0.0,0.0,0.0,0.0
0.0,0.0,1.0,1.0,1.0,0.0,1.0,2.0,3.0,2.0,4.0,5.0,8.0,17.0,19.0,25.0,11.0,10.0,29.0,70.0,104.0,74.0,27.0,11.0,23.0,25.0,21.0,9.0,8.0,6.0,3.0,6.0,6.0,4.0,0.0,0.0,0.0,0.0,0.0,0.0
0.0,0.0,1.0,1.0,1.0,0.0,0.0,0.0,0.0,2.0,4.0,3.0,8.0,10.0,12.0,19.0,15.0,23.0,23.0,42.0,74.0,135.0,79.0,33.0,22.0,26.0,28.0,21.0,16.0,13.0,5.0,8.0,8.0,4.0,0.0,0.0,0.0,0.0,0.0,0.0
0.0,0.0,0.0,0.0,0.0,0.0,0.0,0.0,0.0,1.0,1.0,2.0,4.0,6.0,7.0,10.0,9.0,23.0,22.0,6.0,27.0,79.0,127.0,77.0,48.0,13.0,19.0,25.0,26.0,16.0,10.0,8.0,9.0,5.0,1.0,0.0,0.0,0.0,0.0,0.0
0.0,0.0,0.0,0.0,0.0,0.0,0.0,0.0,0.0,0.0,0.0,1.0,1.0,1.0,0.0,2.0,8.0,22.0,24.0,9.0,11.0,33.0,77.0,132.0,92.0,48.0,19.0,29.0,36.0,27.0,16.0,15.0,13.0,7.0,1.0,0.0,0.0,0.0,0.0,0.0
0.0,0.0,0.0,0.0,0.0,0.0,0.0,0.0,0.0,0.0,3.0,4.0,4.0,1.0,2.0,4.0,8.0,17.0,23.0,19.0,23.0,22.0,48.0,92.0,179.0,131.0,83.0,29.0,45.0,42.0,30.0,30.0,22.0,11.0,2.0,2.0,1.0,0.0,0.0,0.0
0.0,0.0,0.0,0.0,0.0,0.0,0.0,0.0,0.0,0.0,3.0,3.0,3.0,0.0,2.0,6.0,10.0,12.0,17.0,21.0,25.0,26.0,13.0,48.0,131.0,191.0,136.0,66.0,35.0,44.0,35.0,44.0,39.0,24.0,19.0,13.0,10.0,2.0,2.0,1.0
0.0,0.0,0.0,0.0,0.0,0.0,0.0,0.0,0.0,0.0,3.0,3.0,3.0,0.0,2.0,6.0,6.0,4.0,8.0,17.0,21.0,28.0,19.0,19.0,83.0,136.0,178.0,99.0,55.0,31.0,30.0,44.0,41.0,30.0,28.0,20.0,14.0,3.0,2.0,0.0
0.0,0.0,0.0,0.0,0.0,0.0,0.0,0.0,0.0,0.0,0.0,0.0,0.0,0.0,1.0,2.0,2.0,2.0,3.0,10.0,9.0,21.0,25.0,29.0,29.0,66.0,99.0,159.0,105.0,60.0,16.0,39.0,46.0,34.0,42.0,29.0,16.0,7.0,5.0,1.0
0.0,0.0,0.0,0.0,0.0,0.0,0.0,0.0,0.0,0.0,0.0,0.0,0.0,0.0,2.0,1.0,0.0,2.0,2.0,9.0,8.0,16.0,26.0,36.0,45.0,35.0,55.0,105.0,187.0,136.0,64.0,34.0,40.0,38.0,53.0,47.0,28.0,12.0,5.0,3.0
0.0,0.0,0.0,0.0,0.0,0.0,0.0,0.0,0.0,0.0,0.0,0.0,0.0,0.0,2.0,1.0,0.0,1.0,1.0,7.0,6.0,13.0,16.0,27.0,42.0,44.0,31.0,60.0,136.0,211.0,135.0,83.0,32.0,41.0,67.0,66.0,42.0,24.0,14.0,7.0
0.0,0.0,0.0,0.0,0.0,0.0,0.0,0.0,0.0,0.0,0.0,0.0,0.0,0.0,0.0,0.0,0.0,0.0,0.0,3.0,3.0,5.0,10.0,16.0,30.0,35.0,30.0,16.0,64.0,135.0,194.0,132.0,64.0,30.0,54.0,72.0,59.0,39.0,20.0,15.0
0.0,0.0,0.0,0.0,0.0,0.0,0.0,0.0,0.0,0.0,0.0,0.0,0.0,0.0,0.0,0.0,0.0,0.0,0.0,2.0,6.0,8.0,8.0,15.0,30.0,44.0,44.0,39.0,34.0,83.0,132.0,221.0,144.0,73.0,33.0,58.0,59.0,44.0,29.0,25.0
0.0,0.0,0.0,0.0,0.0,0.0,0.0,0.0,0.0,0.0,0.0,0.0,0.0,0.0,0.0,0.0,0.0,0.0,0.0,2.0,6.0,8.0,9.0,13.0,22.0,39.0,41.0,46.0,40.0,32.0,64.0,144.0,200.0,117.0,47.0,38.0,47.0,41.0,28.0,29.0
0.0,0.0,0.0,0.0,0.0,0.0,0.0,0.0,0.0,0.0,0.0,0.0,0.0,0.0,0.0,0.0,0.0,0.0,0.0,0.0,4.0,4.0,5.0,7.0,11.0,24.0,30.0,34.0,38.0,41.0,30.0,73.0,117.0,159.0,79.0,39.0,23.0,20.0,23.0,24.0
0.0,0.0,0.0,0.0,0.0,0.0,0.0,0.0,0.0,0.0,0.0,0.0,0.0,0.0,0.0,0.0,0.0,0.0,0.0,0.0,0.0,0.0,1.0,1.0,2.0,19.0,28.0,42.0,53.0,67.0,54.0,33.0,47.0,79.0,162.0,113.0,63.0,12.0,11.0,15.0
0.0,0.0,0.0,0.0,0.0,0.0,0.0,0.0,0.0,0.0,0.0,0.0,0.0,0.0,0.0,0.0,0.0,0.0,0.0,0.0,0.0,0.0,0.0,0.0,2.0,13.0,20.0,29.0,47.0,66.0,72.0,58.0,38.0,39.0,113.0,180.0,123.0,44.0,9.0,20.0
0.0,0.0,0.0,0.0,0.0,0.0,0.0,0.0,0.0,0.0,0.0,0.0,0.0,0.0,0.0,0.0,0.0,0.0,0.0,0.0,0.0,0.0,0.0,0.0,1.0,10.0,14.0,16.0,28.0,42.0,59.0,59.0,47.0,23.0,63.0,123.0,183.0,99.0,43.0,21.0
0.0,0.0,0.0,0.0,0.0,0.0,0.0,0.0,0.0,0.0,0.0,0.0,0.0,0.0,0.0,0.0,0.0,0.0,0.0,0.0,0.0,0.0,0.0,0.0,0.0,2.0,3.0,7.0,12.0,24.0,39.0,44.0,41.0,20.0,12.0,44.0,99.0,135.0,74.0,42.0
0.0,0.0,0.0,0.0,0.0,0.0,0.0,0.0,0.0,0.0,0.0,0.0,0.0,0.0,0.0,0.0,0.0,0.0,0.0,0.0,0.0,0.0,0.0,0.0,0.0,2.0,2.0,5.0,5.0,14.0,20.0,29.0,28.0,23.0,11.0,9.0,43.0,74.0,132.0,92.0
0.0,0.0,0.0,0.0,0.0,0.0,0.0,0.0,0.0,0.0,0.0,0.0,0.0,0.0,0.0,0.0,0.0,0.0,0.0,0.0,0.0,0.0,0.0,0.0,0.0,1.0,0.0,1.0,3.0,7.0,15.0,25.0,29.0,24.0,15.0,20.0,21.0,42.0,92.0,148.0
h=chr3:106177797-106179797	v=chr11:31229228-31231228	resolution=50	axis=1,0
0.0,0.0,0.0,0.0,0.0,0.0,0.0,0.0,0.0,0.0,0.0,0.0,0.0,0.0,0.0,0.0,0.0,0.0,0.0,0.0,0.0,0.0,0.0,0.0,0.0,0.0,0.0,0.0,0.0,0.0,0.0,0.0,0.0,0.0,0.0,0.0,0.0,0.0,0.0,0.0
0.0,0.0,0.0,0.0,0.0,0.0,0.0,0.0,0.0,0.0,0.0,0.0,0.0,0.0,0.0,0.0,0.0,0.0,0.0,0.0,0.0,0.0,0.0,0.0,0.0,0.0,0.0,0.0,0.0,0.0,0.0,0.0,0.0,0.0,0.0,0.0,0.0,0.0,0.0,0.0
0.0,0.0,0.0,0.0,0.0,0.0,0.0,0.0,0.0,0.0,0.0,0.0,0.0,0.0,0.0,0.0,0.0,0.0,0.0,0.0,0.0,0.0,0.0,0.0,0.0,0.0,0.0,0.0,0.0,0.0,0.0,0.0,0.0,0.0,0.0,0.0,0.0,0.0,0.0,0.0
0.0,0.0,0.0,0.0,0.0,0.0,0.0,0.0,0.0,0.0,0.0,0.0,0.0,0.0,0.0,0.0,0.0,0.0,0.0,0.0,0.0,0.0,0.0,0.0,0.0,0.0,0.0,0.0,0.0,0.0,0.0,0.0,0.0,0.0,0.0,0.0,0.0,0.0,0.0,0.0
0.0,0.0,0.0,0.0,0.0,0.0,0.0,0.0,0.0,0.0,0.0,0.0,0.0,0.0,0.0,0.0,0.0,0.0,0.0,0.0,0.0,0.0,0.0,0.0,0.0,0.0,0.0,0.0,0.0,0.0,0.0,0.0,0.0,0.0,0.0,0.0,0.0,0.0,0.0,0.0
0.0,0.0,0.0,0.0,0.0,0.0,0.0,0.0,0.0,0.0,0.0,0.0,0.0,0.0,0.0,0.0,0.0,0.0,0.0,0.0,0.0,0.0,0.0,0.0,0.0,0.0,0.0,0.0,0.0,0.0,0.0,0.0,0.0,0.0,0.0,0.0,0.0,0.0,0.0,0.0
0.0,0.0,0.0,0.0,0.0,0.0,0.0,0.0,0.0,0.0,0.0,0.0,0.0,0.0,0.0,0.0,0.0,0.0,0.0,0.0,0.0,0.0,0.0,0.0,0.0,0.0,0.0,0.0,0.0,0.0,0.0,0.0,0.0,0.0,0.0,0.0,0.0,0.0,0.0,0.0
0.0,0.0,0.0,0.0,0.0,0.0,0.0,0.0,0.0,0.0,0.0,0.0,0.0,0.0,0.0,0.0,0.0,0.0,0.0,0.0,0.0,0.0,0.0,0.0,0.0,0.0,0.0,0.0,0.0,0.0,0.0,0.0,0.0,0.0,0.0,0.0,0.0,0.0,0.0,0.0
0.0,0.0,0.0,0.0,0.0,0.0,0.0,0.0,0.0,0.0,0.0,0.0,0.0,0.0,0.0,0.0,0.0,0.0,0.0,0.0,0.0,0.0,0.0,0.0,0.0,0.0,0.0,0.0,0.0,0.0,0.0,0.0,0.0,0.0,0.0,0.0,0.0,0.0,0.0,0.0
0.0,0.0,0.0,0.0,0.0,0.0,0.0,0.0,0.0,0.0,0.0,0.0,0.0,0.0,0.0,0.0,0.0,0.0,0.0,0.0,0.0,0.0,0.0,0.0,0.0,0.0,0.0,0.0,0.0,0.0,0.0,0.0,0.0,0.0,0.0,0.0,0.0,0.0,0.0,0.0
0.0,0.0,0.0,0.0,0.0,0.0,0.0,0.0,0.0,0.0,0.0,0.0,0.0,0.0,0.0,0.0,0.0,0.0,0.0,0.0,0.0,0.0,0.0,0.0,0.0,0.0,0.0,0.0,0.0,0.0,0.0,0.0,0.0,0.0,0.0,0.0,0.0,0.0,0.0,0.0
0.0,0.0,0.0,0.0,0.0,0.0,0.0,0.0,0.0,0.0,0.0,0.0,0.0,0.0,0.0,0.0,0.0,0.0,0.0,0.0,0.0,0.0,0.0,0.0,0.0,0.0,0.0,0.0,0.0,0.0,0.0,0.0,0.0,0.0,0.0,0.0,0.0,0.0,0.0,0.0
0.0,0.0,0.0,0.0,0.0,0.0,0.0,0.0,0.0,0.0,0.0,0.0,0.0,0.0,0.0,0.0,0.0,0.0,0.0,0.0,0.0,0.0,0.0,0.0,0.0,0.0,0.0,0.0,0.0,0.0,0.0,0.0,0.0,0.0,0.0,0.0,0.0,0.0,0.0,0.0
0.0,0.0,0.0,0.0,0.0,0.0,0.0,0.0,0.0,0.0,0.0,0.0,0.0,0.0,0.0,0.0,0.0,0.0,0.0,0.0,0.0,0.0,0.0,0.0,0.0,0.0,0.0,0.0,0.0,0.0,0.0,0.0,0.0,0.0,0.0,0.0,0.0,0.0,0.0,0.0
0.0,0.0,0.0,0.0,0.0,0.0,0.0,0.0,0.0,0.0,0.0,0.0,0.0,0.0,0.0,0.0,0.0,0.0,0.0,0.0,0.0,0.0,0.0,0.0,0.0,0.0,0.0,0.0,0.0,0.0,0.0,0.0,0.0,0.0,0.0,0.0,0.0,0.0,0.0,0.0
0.0,0.0,0.0,0.0,0.0,0.0,0.0,0.0,0.0,0.0,0.0,0.0,0.0,0.0,0.0,0.0,0.0,0.0,0.0,0.0,0.0,0.0,0.0,0.0,0.0,0.0,0.0,0.0,0.0,0.0,0.0,0.0,0.0,0.0,0.0,0.0,0.0,0.0,0.0,0.0
